0 0.1 0.1 2 2 3
4.69653e-05 0.100001 0.100001 2 2 3
8.3339e-05 0.100001 0.100001 2 2 3
0.000156055 0.100002 0.100002 2 2 3
0.000301564 0.100004 0.100004 2 2 3
0.000522114 0.100006 0.100006 2 2 3
0.000742724 0.100009 0.100009 2 2 3
0.000963454 0.100011 0.100011 2 2 3
0.00118425 0.100014 0.100014 2 2 3
0.00140514 0.100017 0.100017 2 2 3
0.00162611 0.100019 0.100019 2 2 3
0.00184713 0.100022 0.100022 2 2 3
0.00206826 0.100025 0.100025 2 2 3
0.00228947 0.100027 0.100027 2 2 3
0.00251076 0.10003 0.10003 2 2 3
0.00273211 0.100032 0.100032 2 2 3
0.00295357 0.100035 0.100035 2 2 3
0.00317511 0.100038 0.100038 2 2 3
0.00339671 0.10004 0.10004 2 2 3
0.00361839 0.100043 0.100043 2 2 3
0.00384018 0.100045 0.100045 2 2 3
0.00406203 0.100048 0.100048 2 2 3
0.00428396 0.100051 0.100051 2 2 3
0.00450598 0.100053 0.100053 2 2 3
0.00472807 0.100056 0.100056 2 2 3
0.00495026 0.100058 0.100058 2 2 3
0.00517252 0.100061 0.100061 2 2 3
0.00539487 0.100064 0.100064 2 2 3
0.0056173 0.100066 0.100066 2 2 3
0.0058398 0.100069 0.100069 2 2 3
0.00606239 0.100071 0.100071 2 2 3
0.00628507 0.100074 0.100074 2 2 3
0.00650783 0.100077 0.100077 2 2 3
0.00673066 0.100079 0.100079 2 2 3
0.0069536 0.100082 0.100082 2 2 3
0.00717659 0.100084 0.100084 2 2 3
0.00739969 0.100087 0.100087 2 2 3
0.00762285 0.10009 0.10009 2 2 3
0.00784612 0.100092 0.100092 2 2 3
0.00806944 0.100095 0.100095 2 2 3
0.00829287 0.100097 0.100097 2 2 3
0.00851637 0.1001 0.1001 2 2 3
0.00873997 0.100102 0.100102 2 2 3
0.00896363 0.100105 0.100105 2 2 3
0.0091874 0.100108 0.100108 2 2 3
0.00941123 0.10011 0.10011 2 2 3
0.00963516 0.100113 0.100113 2 2 3
0.00985917 0.100115 0.100115 2 2 3
0.0100833 0.100118 0.100118 2 2 3
0.0103074 0.10012 0.10012 2 2 3
0.0105317 0.100123 0.100123 2 2 3
0.010756 0.100125 0.100125 2 2 3
0.0109805 0.100128 0.100128 2 2 3
0.011205 0.100131 0.100131 2 2 3
0.0114296 0.100133 0.100133 2 2 3
0.0116543 0.100136 0.100136 2 2 3
0.0118791 0.100138 0.100138 2 2 3
0.0121039 0.100141 0.100141 2 2 3
0.0123288 0.100143 0.100143 2 2 3
0.0125539 0.100146 0.100146 2 2 3
0.012779 0.100148 0.100148 2 2 3
0.0130042 0.100151 0.100151 2 2 3
0.0132295 0.100154 0.100154 2 2 3
0.0134548 0.100156 0.100156 2 2 3
0.0136803 0.100159 0.100159 2 2 3
0.0139058 0.100161 0.100161 2 2 3
0.0141314 0.100164 0.100164 2 2 3
0.0143572 0.100166 0.100166 2 2 3
0.014583 0.100169 0.100169 2 2 3
0.0148089 0.100171 0.100171 2 2 3
0.0150348 0.100174 0.100174 2 2 3
0.0152609 0.100176 0.100176 2 2 3
0.015487 0.100179 0.100179 2 2 3
0.0157133 0.100181 0.100181 2 2 3
0.0159396 0.100184 0.100184 2 2 3
0.016166 0.100187 0.100187 2 2 3
0.0163925 0.100189 0.100189 2 2 3
0.0166191 0.100192 0.100192 2 2 3
0.0168458 0.100194 0.100194 2 2 3
0.0170725 0.100197 0.100197 2 2 3
0.0172994 0.100199 0.100199 2 2 3
0.0175263 0.100202 0.100202 2 2 3
0.0177533 0.100204 0.100204 2 2 3
0.0179804 0.100207 0.100207 2 2 3
0.0182076 0.100209 0.100209 2 2 3
0.0184349 0.100212 0.100212 2 2 3
0.0186623 0.100214 0.100214 2 2 3
0.0188898 0.100217 0.100217 2 2 3
0.0191173 0.100219 0.100219 2 2 3
0.0193449 0.100222 0.100222 2 2 3
0.0195727 0.100224 0.100224 2 2 3
0.0198005 0.100227 0.100227 2 2 3
0.0200284 0.100229 0.100229 2 2 3
0.0202564 0.100232 0.100232 2 2 3
0.0204845 0.100234 0.100234 2 2 3
0.0207126 0.100237 0.100237 2 2 3
0.0209409 0.100239 0.100239 2 2 3
0.0211692 0.100242 0.100242 2 2 3
0.0213977 0.100244 0.100244 2 2 3
0.0216262 0.100247 0.100247 2 2 3
0.0218548 0.100249 0.100249 2 2 3
0.0220835 0.100252 0.100252 2 2 3
0.0223123 0.100254 0.100254 2 2 3
0.0225412 0.100257 0.100257 2 2 3
0.0227702 0.100259 0.100259 2 2 3
0.0229993 0.100262 0.100262 2 2 3
0.0232285 0.100264 0.100264 2 2 3
0.0234577 0.100267 0.100267 2 2 3
0.023687 0.100269 0.100269 2 2 3
0.0239165 0.100271 0.100271 2 2 3
0.024146 0.100274 0.100274 2 2 3
0.0243756 0.100276 0.100276 2 2 3
0.0246053 0.100279 0.100279 2 2 3
0.0248351 0.100281 0.100281 2 2 3
0.025065 0.100284 0.100284 2 2 3
0.025295 0.100286 0.100286 2 2 3
0.025525 0.100289 0.100289 2 2 3
0.0257552 0.100291 0.100291 2 2 3
0.0259855 0.100294 0.100294 2 2 3
0.0262158 0.100296 0.100296 2 2 3
0.0264462 0.100299 0.100299 2 2 3
0.0266768 0.100301 0.100301 2 2 3
0.0269074 0.100304 0.100304 2 2 3
0.0271381 0.100306 0.100306 2 2 3
0.0273689 0.100308 0.100308 2 2 3
0.0275998 0.100311 0.100311 2 2 3
0.0278308 0.100313 0.100313 2 2 3
0.0280619 0.100316 0.100316 2 2 3
0.0282931 0.100318 0.100318 2 2 3
0.0285243 0.100321 0.100321 2 2 3
0.0287557 0.100323 0.100323 2 2 3
0.0289871 0.100326 0.100326 2 2 3
0.0292187 0.100328 0.100328 2 2 3
0.0294503 0.10033 0.10033 2 2 3
0.0296821 0.100333 0.100333 2 2 3
0.0299139 0.100335 0.100335 2 2 3
0.0301458 0.100338 0.100338 2 2 3
0.0303778 0.10034 0.10034 2 2 3
0.03061 0.100343 0.100343 2 2 3
0.0308422 0.100345 0.100345 2 2 3
0.0310744 0.100347 0.100347 2 2 3
0.0313068 0.10035 0.10035 2 2 3
0.0315393 0.100352 0.100352 2 2 3
0.0317719 0.100355 0.100355 2 2 3
0.0320046 0.100357 0.100357 2 2 3
0.0322373 0.100359 0.100359 2 2 3
0.0324702 0.100362 0.100362 2 2 3
0.0327032 0.100364 0.100364 2 2 3
0.0329362 0.100367 0.100367 2 2 3
0.0331694 0.100369 0.100369 2 2 3
0.0334026 0.100372 0.100372 2 2 3
0.033636 0.100374 0.100374 2 2 3
0.0338694 0.100376 0.100376 2 2 3
0.0341029 0.100379 0.100379 2 2 3
0.0343365 0.100381 0.100381 2 2 3
0.0345703 0.100384 0.100384 2 2 3
0.0348041 0.100386 0.100386 2 2 3
0.035038 0.100388 0.100388 2 2 3
0.035272 0.100391 0.100391 2 2 3
0.0355061 0.100393 0.100393 2 2 3
0.0357403 0.100396 0.100396 2 2 3
0.0359746 0.100398 0.100398 2 2 3
0.036209 0.1004 0.1004 2 2 3
0.0364435 0.100403 0.100403 2 2 3
0.0366781 0.100405 0.100405 2 2 3
0.0369128 0.100407 0.100407 2 2 3
0.0371475 0.10041 0.10041 2 2 3
0.0373824 0.100412 0.100412 2 2 3
0.0376174 0.100415 0.100415 2 2 3
0.0378524 0.100417 0.100417 2 2 3
0.0380876 0.100419 0.100419 2 2 3
0.0383229 0.100422 0.100422 2 2 3
0.0385583 0.100424 0.100424 2 2 3
0.0387937 0.100426 0.100426 2 2 3
0.0390293 0.100429 0.100429 2 2 3
0.0392649 0.100431 0.100431 2 2 3
0.0395007 0.100434 0.100434 2 2 3
0.0397365 0.100436 0.100436 2 2 3
0.0399725 0.100438 0.100438 2 2 3
0.0402085 0.100441 0.100441 2 2 3
0.0404447 0.100443 0.100443 2 2 3
0.0406809 0.100445 0.100445 2 2 3
0.0409173 0.100448 0.100448 2 2 3
0.0411537 0.10045 0.10045 2 2 3
0.0413903 0.100452 0.100452 2 2 3
0.0416269 0.100455 0.100455 2 2 3
0.0418636 0.100457 0.100457 2 2 3
0.0421005 0.100459 0.100459 2 2 3
0.0423374 0.100462 0.100462 2 2 3
0.0425744 0.100464 0.100464 2 2 3
0.0428116 0.100466 0.100466 2 2 3
0.0430488 0.100469 0.100469 2 2 3
0.0432862 0.100471 0.100471 2 2 3
0.0435236 0.100473 0.100473 2 2 3
0.0437611 0.100476 0.100476 2 2 3
0.0439987 0.100478 0.100478 2 2 3
0.0442365 0.10048 0.10048 2 2 3
0.0444743 0.100483 0.100483 2 2 3
0.0447123 0.100485 0.100485 2 2 3
0.0449503 0.100487 0.100487 2 2 3
0.0451884 0.10049 0.10049 2 2 3
0.0454267 0.100492 0.100492 2 2 3
0.045665 0.100494 0.100494 2 2 3
0.0459035 0.100497 0.100497 2 2 3
0.046142 0.100499 0.100499 2 2 3
0.0463806 0.100501 0.100501 2 2 3
0.0466194 0.100504 0.100504 2 2 3
0.0468582 0.100506 0.100506 2 2 3
0.0470972 0.100508 0.100508 2 2 3
0.0473362 0.10051 0.10051 2 2 3
0.0475753 0.100513 0.100513 2 2 3
0.0478146 0.100515 0.100515 2 2 3
0.0480539 0.100517 0.100517 2 2 3
0.0482934 0.10052 0.10052 2 2 3
0.048533 0.100522 0.100522 2 2 3
0.0487726 0.100524 0.100524 2 2 3
0.0490124 0.100527 0.100527 2 2 3
0.0492522 0.100529 0.100529 2 2 3
0.0494922 0.100531 0.100531 2 2 3
0.0497323 0.100533 0.100533 2 2 3
0.0499724 0.100536 0.100536 2 2 3
0.0502127 0.100538 0.100538 2 2 3
0.0504531 0.10054 0.10054 2 2 3
0.0506936 0.100542 0.100542 2 2 3
0.0509342 0.100545 0.100545 2 2 3
0.0511748 0.100547 0.100547 2 2 3
0.0514156 0.100549 0.100549 2 2 3
0.0516565 0.100552 0.100552 2 2 3
0.0518975 0.100554 0.100554 2 2 3
0.0521386 0.100556 0.100556 2 2 3
0.0523798 0.100558 0.100558 2 2 3
0.0526211 0.100561 0.100561 2 2 3
0.0528625 0.100563 0.100563 2 2 3
0.0531041 0.100565 0.100565 2 2 3
0.0533457 0.100567 0.100567 2 2 3
0.0535874 0.10057 0.10057 2 2 3
0.0538292 0.100572 0.100572 2 2 3
0.0540711 0.100574 0.100574 2 2 3
0.0543132 0.100576 0.100576 2 2 3
0.0545553 0.100579 0.100579 2 2 3
0.0547976 0.100581 0.100581 2 2 3
0.0550399 0.100583 0.100583 2 2 3
0.0552824 0.100585 0.100585 2 2 3
0.0555249 0.100588 0.100588 2 2 3
0.0557676 0.10059 0.10059 2 2 3
0.0560104 0.100592 0.100592 2 2 3
0.0562533 0.100594 0.100594 2 2 3
0.0564963 0.100596 0.100596 2 2 3
0.0567393 0.100599 0.100599 2 2 3
0.0569825 0.100601 0.100601 2 2 3
0.0572259 0.100603 0.100603 2 2 3
0.0574693 0.100605 0.100605 2 2 3
0.0577128 0.100608 0.100608 2 2 3
0.0579564 0.10061 0.10061 2 2 3
0.0582001 0.100612 0.100612 2 2 3
0.058444 0.100614 0.100614 2 2 3
0.0586879 0.100616 0.100616 2 2 3
0.0589319 0.100619 0.100619 2 2 3
0.0591761 0.100621 0.100621 2 2 3
0.0594203 0.100623 0.100623 2 2 3
0.0596647 0.100625 0.100625 2 2 3
0.0599092 0.100627 0.100627 2 2 3
0.0601538 0.10063 0.10063 2 2 3
0.0603985 0.100632 0.100632 2 2 3
0.0606433 0.100634 0.100634 2 2 3
0.0608882 0.100636 0.100636 2 2 3
0.0611332 0.100638 0.100638 2 2 3
0.0613783 0.100641 0.100641 2 2 3
0.0616235 0.100643 0.100643 2 2 3
0.0618689 0.100645 0.100645 2 2 3
0.0621143 0.100647 0.100647 2 2 3
0.0623599 0.100649 0.100649 2 2 3
0.0626056 0.100652 0.100652 2 2 3
0.0628513 0.100654 0.100654 2 2 3
0.0630972 0.100656 0.100656 2 2 3
0.0633432 0.100658 0.100658 2 2 3
0.0635893 0.10066 0.10066 2 2 3
0.0638355 0.100662 0.100662 2 2 3
0.0640818 0.100665 0.100665 2 2 3
0.0643282 0.100667 0.100667 2 2 3
0.0645748 0.100669 0.100669 2 2 3
0.0648214 0.100671 0.100671 2 2 3
0.0650682 0.100673 0.100673 2 2 3
0.065315 0.100675 0.100675 2 2 3
0.065562 0.100678 0.100678 2 2 3
0.0658091 0.10068 0.10068 2 2 3
0.0660563 0.100682 0.100682 2 2 3
0.0663036 0.100684 0.100684 2 2 3
0.066551 0.100686 0.100686 2 2 3
0.0667985 0.100688 0.100688 2 2 3
0.0670461 0.10069 0.10069 2 2 3
0.0672939 0.100693 0.100693 2 2 3
0.0675417 0.100695 0.100695 2 2 3
0.0677897 0.100697 0.100697 2 2 3
0.0680378 0.100699 0.100699 2 2 3
0.068286 0.100701 0.100701 2 2 3
0.0685343 0.100703 0.100703 2 2 3
0.0687827 0.100705 0.100705 2 2 3
0.0690312 0.100707 0.100707 2 2 3
0.0692798 0.10071 0.10071 2 2 3
0.0695286 0.100712 0.100712 2 2 3
0.0697774 0.100714 0.100714 2 2 3
0.0700264 0.100716 0.100716 2 2 3
0.0702755 0.100718 0.100718 2 2 3
0.0705247 0.10072 0.10072 2 2 3
0.070774 0.100722 0.100722 2 2 3
0.0710234 0.100724 0.100724 2 2 3
0.0712729 0.100726 0.100726 2 2 3
0.0715225 0.100729 0.100729 2 2 3
0.0717723 0.100731 0.100731 2 2 3
0.0720222 0.100733 0.100733 2 2 3
0.0722721 0.100735 0.100735 2 2 3
0.0725223 0.100737 0.100737 2 2 3
0.0727724 0.100739 0.100739 2 2 3
0.0730228 0.100741 0.100741 2 2 3
0.0732732 0.100743 0.100743 2 2 3
0.0735237 0.100745 0.100745 2 2 3
0.0737744 0.100747 0.100747 2 2 3
0.0740252 0.100749 0.100749 2 2 3
0.074276 0.100751 0.100751 2 2 3
0.074527 0.100754 0.100754 2 2 3
0.0747782 0.100756 0.100756 2 2 3
0.0750294 0.100758 0.100758 2 2 3
0.0752807 0.10076 0.10076 2 2 3
0.0755322 0.100762 0.100762 2 2 3
0.0757838 0.100764 0.100764 2 2 3
0.0760354 0.100766 0.100766 2 2 3
0.0762872 0.100768 0.100768 2 2 3
0.0765391 0.10077 0.10077 2 2 3
0.0767912 0.100772 0.100772 2 2 3
0.0770433 0.100774 0.100774 2 2 3
0.0772956 0.100776 0.100776 2 2 3
0.0775479 0.100778 0.100778 2 2 3
0.0778004 0.10078 0.10078 2 2 3
0.078053 0.100782 0.100782 2 2 3
0.0783057 0.100784 0.100784 2 2 3
0.0785586 0.100786 0.100786 2 2 3
0.0788115 0.100788 0.100788 2 2 3
0.0790646 0.10079 0.10079 2 2 3
0.0793178 0.100792 0.100792 2 2 3
0.079571 0.100794 0.100794 2 2 3
0.0798245 0.100796 0.100796 2 2 3
0.080078 0.100799 0.100799 2 2 3
0.0803316 0.100801 0.100801 2 2 3
0.0805854 0.100803 0.100803 2 2 3
0.0808393 0.100805 0.100805 2 2 3
0.0810933 0.100807 0.100807 2 2 3
0.0813474 0.100809 0.100809 2 2 3
0.0816016 0.100811 0.100811 2 2 3
0.0818559 0.100813 0.100813 2 2 3
0.0821104 0.100815 0.100815 2 2 3
0.082365 0.100817 0.100817 2 2 3
0.0826197 0.100819 0.100819 2 2 3
0.0828745 0.100821 0.100821 2 2 3
0.0831294 0.100823 0.100823 2 2 3
0.0833845 0.100825 0.100825 2 2 3
0.0836396 0.100827 0.100827 2 2 3
0.0838949 0.100829 0.100829 2 2 3
0.0841503 0.100831 0.100831 2 2 3
0.0844058 0.100832 0.100832 2 2 3
0.0846615 0.100834 0.100834 2 2 3
0.0849172 0.100836 0.100836 2 2 3
0.0851731 0.100838 0.100838 2 2 3
0.0854291 0.10084 0.10084 2 2 3
0.0856852 0.100842 0.100842 2 2 3
0.0859414 0.100844 0.100844 2 2 3
0.0861978 0.100846 0.100846 2 2 3
0.0864543 0.100848 0.100848 2 2 3
0.0867108 0.10085 0.10085 2 2 3
0.0869675 0.100852 0.100852 2 2 3
0.0872244 0.100854 0.100854 2 2 3
0.0874813 0.100856 0.100856 2 2 3
0.0877384 0.100858 0.100858 2 2 3
0.0879956 0.10086 0.10086 2 2 3
0.0882529 0.100862 0.100862 2 2 3
0.0885103 0.100864 0.100864 2 2 3
0.0887678 0.100866 0.100866 2 2 3
0.0890255 0.100868 0.100868 2 2 3
0.0892833 0.10087 0.10087 2 2 3
0.0895412 0.100872 0.100872 2 2 3
0.0897992 0.100873 0.100873 2 2 3
0.0900573 0.100875 0.100875 2 2 3
0.0903156 0.100877 0.100877 2 2 3
0.090574 0.100879 0.100879 2 2 3
0.0908325 0.100881 0.100881 2 2 3
0.0910911 0.100883 0.100883 2 2 3
0.0913499 0.100885 0.100885 2 2 3
0.0916087 0.100887 0.100887 2 2 3
0.0918677 0.100889 0.100889 2 2 3
0.0921268 0.100891 0.100891 2 2 3
0.0923861 0.100893 0.100893 2 2 3
0.0926454 0.100895 0.100895 2 2 3
0.0929049 0.100896 0.100896 2 2 3
0.0931645 0.100898 0.100898 2 2 3
0.0934242 0.1009 0.1009 2 2 3
0.093684 0.100902 0.100902 2 2 3
0.093944 0.100904 0.100904 2 2 3
0.0942041 0.100906 0.100906 2 2 3
0.0944643 0.100908 0.100908 2 2 3
0.0947246 0.10091 0.10091 2 2 3
0.0949851 0.100911 0.100911 2 2 3
0.0952457 0.100913 0.100913 2 2 3
0.0955064 0.100915 0.100915 2 2 3
0.0957672 0.100917 0.100917 2 2 3
0.0960281 0.100919 0.100919 2 2 3
0.0962892 0.100921 0.100921 2 2 3
0.0965504 0.100923 0.100923 2 2 3
0.0968117 0.100925 0.100925 2 2 3
0.0970731 0.100926 0.100926 2 2 3
0.0973347 0.100928 0.100928 2 2 3
0.0975964 0.10093 0.10093 2 2 3
0.0978582 0.100932 0.100932 2 2 3
0.0981201 0.100934 0.100934 2 2 3
0.0983822 0.100936 0.100936 2 2 3
0.0986443 0.100937 0.100937 2 2 3
0.0989066 0.100939 0.100939 2 2 3
0.0991691 0.100941 0.100941 2 2 3
0.0994316 0.100943 0.100943 2 2 3
0.0996943 0.100945 0.100945 2 2 3
0.0999571 0.100947 0.100947 2 2 3
0.10022 0.100948 0.100948 2 2 3
0.100483 0.10095 0.10095 2 2 3
0.100746 0.100952 0.100952 2 2 3
0.10101 0.100954 0.100954 2 2 3
0.101273 0.100956 0.100956 2 2 3
0.101537 0.100957 0.100957 2 2 3
0.1018 0.100959 0.100959 2 2 3
0.102064 0.100961 0.100961 2 2 3
0.102328 0.100963 0.100963 2 2 3
0.102592 0.100965 0.100965 2 2 3
0.102856 0.100966 0.100966 2 2 3
0.10312 0.100968 0.100968 2 2 3
0.103385 0.10097 0.10097 2 2 3
0.103649 0.100972 0.100972 2 2 3
0.103914 0.100974 0.100974 2 2 3
0.104179 0.100975 0.100975 2 2 3
0.104444 0.100977 0.100977 2 2 3
0.104709 0.100979 0.100979 2 2 3
0.104974 0.100981 0.100981 2 2 3
0.105239 0.100982 0.100982 2 2 3
0.105505 0.100984 0.100984 2 2 3
0.10577 0.100986 0.100986 2 2 3
0.106036 0.100988 0.100988 2 2 3
0.106302 0.100989 0.100989 2 2 3
0.106568 0.100991 0.100991 2 2 3
0.106834 0.100993 0.100993 2 2 3
0.1071 0.100995 0.100995 2 2 3
0.107367 0.100996 0.100996 2 2 3
0.107633 0.100998 0.100998 2 2 3
0.1079 0.101 0.101 2 2 3
0.108166 0.101002 0.101002 2 2 3
0.108433 0.101003 0.101003 2 2 3
0.1087 0.101005 0.101005 2 2 3
0.108967 0.101007 0.101007 2 2 3
0.109234 0.101009 0.101009 2 2 3
0.109502 0.10101 0.10101 2 2 3
0.109769 0.101012 0.101012 2 2 3
0.110037 0.101014 0.101014 2 2 3
0.110305 0.101015 0.101015 2 2 3
0.110572 0.101017 0.101017 2 2 3
0.11084 0.101019 0.101019 2 2 3
0.111109 0.101021 0.101021 2 2 3
0.111377 0.101022 0.101022 2 2 3
0.111645 0.101024 0.101024 2 2 3
0.111914 0.101026 0.101026 2 2 3
0.112182 0.101027 0.101027 2 2 3
0.112451 0.101029 0.101029 2 2 3
0.11272 0.101031 0.101031 2 2 3
0.112989 0.101032 0.101032 2 2 3
0.113258 0.101034 0.101034 2 2 3
0.113528 0.101036 0.101036 2 2 3
0.113797 0.101037 0.101037 2 2 3
0.114067 0.101039 0.101039 2 2 3
0.114336 0.101041 0.101041 2 2 3
0.114606 0.101042 0.101042 2 2 3
0.114876 0.101044 0.101044 2 2 3
0.115146 0.101046 0.101046 2 2 3
0.115416 0.101047 0.101047 2 2 3
0.115687 0.101049 0.101049 2 2 3
0.115957 0.101051 0.101051 2 2 3
0.116228 0.101052 0.101052 2 2 3
0.116498 0.101054 0.101054 2 2 3
0.116769 0.101056 0.101056 2 2 3
0.11704 0.101057 0.101057 2 2 3
0.117311 0.101059 0.101059 2 2 3
0.117583 0.10106 0.10106 2 2 3
0.117854 0.101062 0.101062 2 2 3
0.118126 0.101064 0.101064 2 2 3
0.118397 0.101065 0.101065 2 2 3
0.118669 0.101067 0.101067 2 2 3
0.118941 0.101069 0.101069 2 2 3
0.119213 0.10107 0.10107 2 2 3
0.119485 0.101072 0.101072 2 2 3
0.119757 0.101073 0.101073 2 2 3
0.12003 0.101075 0.101075 2 2 3
0.120302 0.101077 0.101077 2 2 3
0.120575 0.101078 0.101078 2 2 3
0.120848 0.10108 0.10108 2 2 3
0.121121 0.101081 0.101081 2 2 3
0.121394 0.101083 0.101083 2 2 3
0.121667 0.101085 0.101085 2 2 3
0.121941 0.101086 0.101086 2 2 3
0.122214 0.101088 0.101088 2 2 3
0.122488 0.101089 0.101089 2 2 3
0.122762 0.101091 0.101091 2 2 3
0.123036 0.101092 0.101092 2 2 3
0.12331 0.101094 0.101094 2 2 3
0.123584 0.101096 0.101096 2 2 3
0.123858 0.101097 0.101097 2 2 3
0.124133 0.101099 0.101099 2 2 3
0.124407 0.1011 0.1011 2 2 3
0.124682 0.101102 0.101102 2 2 3
0.124957 0.101103 0.101103 2 2 3
0.125232 0.101105 0.101105 2 2 3
0.125507 0.101106 0.101106 2 2 3
0.125782 0.101108 0.101108 2 2 3
0.126057 0.101109 0.101109 2 2 3
0.126333 0.101111 0.101111 2 2 3
0.126609 0.101112 0.101112 2 2 3
0.126884 0.101114 0.101114 2 2 3
0.12716 0.101115 0.101115 2 2 3
0.127436 0.101117 0.101117 2 2 3
0.127713 0.101118 0.101118 2 2 3
0.127989 0.10112 0.10112 2 2 3
0.128265 0.101121 0.101121 2 2 3
0.128542 0.101123 0.101123 2 2 3
0.128819 0.101124 0.101124 2 2 3
0.129096 0.101126 0.101126 2 2 3
0.129373 0.101127 0.101127 2 2 3
0.12965 0.101129 0.101129 2 2 3
0.129927 0.10113 0.10113 2 2 3
0.130204 0.101132 0.101132 2 2 3
0.130482 0.101133 0.101133 2 2 3
0.13076 0.101135 0.101135 2 2 3
0.131038 0.101136 0.101136 2 2 3
0.131316 0.101138 0.101138 2 2 3
0.131594 0.101139 0.101139 2 2 3
0.131872 0.101141 0.101141 2 2 3
0.13215 0.101142 0.101142 2 2 3
0.132429 0.101144 0.101144 2 2 3
0.132707 0.101145 0.101145 2 2 3
0.132986 0.101146 0.101146 2 2 3
0.133265 0.101148 0.101148 2 2 3
0.133544 0.101149 0.101149 2 2 3
0.133823 0.101151 0.101151 2 2 3
0.134103 0.101152 0.101152 2 2 3
0.134382 0.101154 0.101154 2 2 3
0.134662 0.101155 0.101155 2 2 3
0.134942 0.101157 0.101157 2 2 3
0.135221 0.101158 0.101158 2 2 3
0.135501 0.101159 0.101159 2 2 3
0.135782 0.101161 0.101161 2 2 3
0.136062 0.101162 0.101162 2 2 3
0.136342 0.101164 0.101164 2 2 3
0.136623 0.101165 0.101165 2 2 3
0.136904 0.101166 0.101166 2 2 3
0.137184 0.101168 0.101168 2 2 3
0.137465 0.101169 0.101169 2 2 3
0.137747 0.10117 0.10117 2 2 3
0.138028 0.101172 0.101172 2 2 3
0.138309 0.101173 0.101173 2 2 3
0.138591 0.101175 0.101175 2 2 3
0.138873 0.101176 0.101176 2 2 3
0.139154 0.101177 0.101177 2 2 3
0.139436 0.101179 0.101179 2 2 3
0.139718 0.10118 0.10118 2 2 3
0.140001 0.101181 0.101181 2 2 3
0.140283 0.101183 0.101183 2 2 3
0.140566 0.101184 0.101184 2 2 3
0.140848 0.101185 0.101185 2 2 3
0.141131 0.101187 0.101187 2 2 3
0.141414 0.101188 0.101188 2 2 3
0.141697 0.101189 0.101189 2 2 3
0.14198 0.101191 0.101191 2 2 3
0.142264 0.101192 0.101192 2 2 3
0.142547 0.101193 0.101193 2 2 3
0.142831 0.101195 0.101195 2 2 3
0.143115 0.101196 0.101196 2 2 3
0.143399 0.101197 0.101197 2 2 3
0.143683 0.101199 0.101199 2 2 3
0.143967 0.1012 0.1012 2 2 3
0.144251 0.101201 0.101201 2 2 3
0.144536 0.101203 0.101203 2 2 3
0.14482 0.101204 0.101204 2 2 3
0.145105 0.101205 0.101205 2 2 3
0.14539 0.101206 0.101206 2 2 3
0.145675 0.101208 0.101208 2 2 3
0.14596 0.101209 0.101209 2 2 3
0.146246 0.10121 0.10121 2 2 3
0.146531 0.101212 0.101212 2 2 3
0.146817 0.101213 0.101213 2 2 3
0.147103 0.101214 0.101214 2 2 3
0.147389 0.101215 0.101215 2 2 3
0.147675 0.101217 0.101217 2 2 3
0.147961 0.101218 0.101218 2 2 3
0.148247 0.101219 0.101219 2 2 3
0.148534 0.10122 0.10122 2 2 3
0.14882 0.101222 0.101222 2 2 3
0.149107 0.101223 0.101223 2 2 3
0.149394 0.101224 0.101224 2 2 3
0.149681 0.101225 0.101225 2 2 3
0.149968 0.101226 0.101226 2 2 3
0.150255 0.101228 0.101228 2 2 3
0.150543 0.101229 0.101229 2 2 3
0.150831 0.10123 0.10123 2 2 3
0.151118 0.101231 0.101231 2 2 3
0.151406 0.101233 0.101233 2 2 3
0.151694 0.101234 0.101234 2 2 3
0.151983 0.101235 0.101235 2 2 3
0.152271 0.101236 0.101236 2 2 3
0.152559 0.101237 0.101237 2 2 3
0.152848 0.101238 0.101238 2 2 3
0.153137 0.10124 0.10124 2 2 3
0.153426 0.101241 0.101241 2 2 3
0.153715 0.101242 0.101242 2 2 3
0.154004 0.101243 0.101243 2 2 3
0.154293 0.101244 0.101244 2 2 3
0.154583 0.101246 0.101246 2 2 3
0.154872 0.101247 0.101247 2 2 3
0.155162 0.101248 0.101248 2 2 3
0.155452 0.101249 0.101249 2 2 3
0.155742 0.10125 0.10125 2 2 3
0.156032 0.101251 0.101251 2 2 3
0.156323 0.101252 0.101252 2 2 3
0.156613 0.101254 0.101254 2 2 3
0.156904 0.101255 0.101255 2 2 3
0.157195 0.101256 0.101256 2 2 3
0.157486 0.101257 0.101257 2 2 3
0.157777 0.101258 0.101258 2 2 3
0.158068 0.101259 0.101259 2 2 3
0.158359 0.10126 0.10126 2 2 3
0.158651 0.101261 0.101261 2 2 3
0.158943 0.101262 0.101262 2 2 3
0.159234 0.101264 0.101264 2 2 3
0.159526 0.101265 0.101265 2 2 3
0.159819 0.101266 0.101266 2 2 3
0.160111 0.101267 0.101267 2 2 3
0.160403 0.101268 0.101268 2 2 3
0.160696 0.101269 0.101269 2 2 3
0.160988 0.10127 0.10127 2 2 3
0.161281 0.101271 0.101271 2 2 3
0.161574 0.101272 0.101272 2 2 3
0.161867 0.101273 0.101273 2 2 3
0.162161 0.101274 0.101274 2 2 3
0.162454 0.101275 0.101275 2 2 3
0.162748 0.101276 0.101276 2 2 3
0.163041 0.101277 0.101277 2 2 3
0.163335 0.101278 0.101278 2 2 3
0.163629 0.101279 0.101279 2 2 3
0.163923 0.10128 0.10128 2 2 3
0.164218 0.101281 0.101281 2 2 3
0.164512 0.101282 0.101282 2 2 3
0.164807 0.101283 0.101283 2 2 3
0.165102 0.101285 0.101285 2 2 3
0.165396 0.101286 0.101286 2 2 3
0.165691 0.101287 0.101287 2 2 3
0.165987 0.101288 0.101288 2 2 3
0.166282 0.101289 0.101289 2 2 3
0.166578 0.101289 0.101289 2 2 3
0.166873 0.10129 0.10129 2 2 3
0.167169 0.101291 0.101291 2 2 3
0.167465 0.101292 0.101292 2 2 3
0.167761 0.101293 0.101293 2 2 3
0.168057 0.101294 0.101294 2 2 3
0.168354 0.101295 0.101295 2 2 3
0.16865 0.101296 0.101296 2 2 3
0.168947 0.101297 0.101297 2 2 3
0.169244 0.101298 0.101298 2 2 3
0.169541 0.101299 0.101299 2 2 3
0.169838 0.1013 0.1013 2 2 3
0.170135 0.101301 0.101301 2 2 3
0.170432 0.101302 0.101302 2 2 3
0.17073 0.101303 0.101303 2 2 3
0.171028 0.101304 0.101304 2 2 3
0.171326 0.101305 0.101305 2 2 3
0.171624 0.101306 0.101306 2 2 3
0.171922 0.101307 0.101307 2 2 3
0.17222 0.101307 0.101307 2 2 3
0.172519 0.101308 0.101308 2 2 3
0.172817 0.101309 0.101309 2 2 3
0.173116 0.10131 0.10131 2 2 3
0.173415 0.101311 0.101311 2 2 3
0.173714 0.101312 0.101312 2 2 3
0.174013 0.101313 0.101313 2 2 3
0.174312 0.101314 0.101314 2 2 3
0.174612 0.101315 0.101315 2 2 3
0.174912 0.101315 0.101315 2 2 3
0.175211 0.101316 0.101316 2 2 3
0.175511 0.101317 0.101317 2 2 3
0.175812 0.101318 0.101318 2 2 3
0.176112 0.101319 0.101319 2 2 3
0.176412 0.10132 0.10132 2 2 3
0.176713 0.10132 0.10132 2 2 3
0.177013 0.101321 0.101321 2 2 3
0.177314 0.101322 0.101322 2 2 3
0.177615 0.101323 0.101323 2 2 3
0.177917 0.101324 0.101324 2 2 3
0.178218 0.101325 0.101325 2 2 3
0.178519 0.101325 0.101325 2 2 3
0.178821 0.101326 0.101326 2 2 3
0.179123 0.101327 0.101327 2 2 3
0.179425 0.101328 0.101328 2 2 3
0.179727 0.101329 0.101329 2 2 3
0.180029 0.101329 0.101329 2 2 3
0.180331 0.10133 0.10133 2 2 3
0.180634 0.101331 0.101331 2 2 3
0.180937 0.101332 0.101332 2 2 3
0.181239 0.101332 0.101332 2 2 3
0.181542 0.101333 0.101333 2 2 3
0.181846 0.101334 0.101334 2 2 3
0.182149 0.101335 0.101335 2 2 3
0.182452 0.101335 0.101335 2 2 3
0.182756 0.101336 0.101336 2 2 3
0.18306 0.101337 0.101337 2 2 3
0.183363 0.101338 0.101338 2 2 3
0.183668 0.101338 0.101338 2 2 3
0.183972 0.101339 0.101339 2 2 3
0.184276 0.10134 0.10134 2 2 3
0.184581 0.101341 0.101341 2 2 3
0.184885 0.101341 0.101341 2 2 3
0.18519 0.101342 0.101342 2 2 3
0.185495 0.101343 0.101343 2 2 3
0.1858 0.101343 0.101343 2 2 3
0.186105 0.101344 0.101344 2 2 3
0.186411 0.101345 0.101345 2 2 3
0.186716 0.101345 0.101345 2 2 3
0.187022 0.101346 0.101346 2 2 3
0.187328 0.101347 0.101347 2 2 3
0.187634 0.101347 0.101347 2 2 3
0.18794 0.101348 0.101348 2 2 3
0.188247 0.101349 0.101349 2 2 3
0.188553 0.101349 0.101349 2 2 3
0.18886 0.10135 0.10135 2 2 3
0.189167 0.101351 0.101351 2 2 3
0.189473 0.101351 0.101351 2 2 3
0.189781 0.101352 0.101352 2 2 3
0.190088 0.101353 0.101353 2 2 3
0.190395 0.101353 0.101353 2 2 3
0.190703 0.101354 0.101354 2 2 3
0.191011 0.101354 0.101354 2 2 3
0.191318 0.101355 0.101355 2 2 3
0.191626 0.101356 0.101356 2 2 3
0.191935 0.101356 0.101356 2 2 3
0.192243 0.101357 0.101357 2 2 3
0.192552 0.101357 0.101357 2 2 3
0.19286 0.101358 0.101358 2 2 3
0.193169 0.101359 0.101359 2 2 3
0.193478 0.101359 0.101359 2 2 3
0.193787 0.10136 0.10136 2 2 3
0.194096 0.10136 0.10136 2 2 3
0.194406 0.101361 0.101361 2 2 3
0.194715 0.101361 0.101361 2 2 3
0.195025 0.101362 0.101362 2 2 3
0.195335 0.101362 0.101362 2 2 3
0.195645 0.101363 0.101363 2 2 3
0.195955 0.101364 0.101364 2 2 3
0.196266 0.101364 0.101364 2 2 3
0.196576 0.101365 0.101365 2 2 3
0.196887 0.101365 0.101365 2 2 3
0.197197 0.101366 0.101366 2 2 3
0.197508 0.101366 0.101366 2 2 3
0.19782 0.101367 0.101367 2 2 3
0.198131 0.101367 0.101367 2 2 3
0.198442 0.101368 0.101368 2 2 3
0.198754 0.101368 0.101368 2 2 3
0.199066 0.101369 0.101369 2 2 3
0.199378 0.101369 0.101369 2 2 3
0.19969 0.10137 0.10137 2 2 3
0.200002 0.10137 0.10137 2 2 3
0.200314 0.10137 0.10137 2 2 3
0.200627 0.101371 0.101371 2 2 3
0.200939 0.101371 0.101371 2 2 3
0.201252 0.101372 0.101372 2 2 3
0.201565 0.101372 0.101372 2 2 3
0.201878 0.101373 0.101373 2 2 3
0.202192 0.101373 0.101373 2 2 3
0.202505 0.101373 0.101373 2 2 3
0.202819 0.101374 0.101374 2 2 3
0.203133 0.101374 0.101374 2 2 3
0.203447 0.101375 0.101375 2 2 3
0.203761 0.101375 0.101375 2 2 3
0.204075 0.101376 0.101376 2 2 3
0.204389 0.101376 0.101376 2 2 3
0.204704 0.101376 0.101376 2 2 3
0.205019 0.101377 0.101377 2 2 3
0.205333 0.101377 0.101377 2 2 3
0.205648 0.101377 0.101377 2 2 3
0.205964 0.101378 0.101378 2 2 3
0.206279 0.101378 0.101378 2 2 3
0.206594 0.101378 0.101378 2 2 3
0.20691 0.101379 0.101379 2 2 3
0.207226 0.101379 0.101379 2 2 3
0.207542 0.101379 0.101379 2 2 3
0.207858 0.10138 0.10138 2 2 3
0.208174 0.10138 0.10138 2 2 3
0.208491 0.10138 0.10138 2 2 3
0.208807 0.101381 0.101381 2 2 3
0.209124 0.101381 0.101381 2 2 3
0.209441 0.101381 0.101381 2 2 3
0.209758 0.101382 0.101382 2 2 3
0.210075 0.101382 0.101382 2 2 3
0.210393 0.101382 0.101382 2 2 3
0.21071 0.101383 0.101383 2 2 3
0.211028 0.101383 0.101383 2 2 3
0.211346 0.101383 0.101383 2 2 3
0.211664 0.101383 0.101383 2 2 3
0.211982 0.101384 0.101384 2 2 3
0.2123 0.101384 0.101384 2 2 3
0.212619 0.101384 0.101384 2 2 3
0.212937 0.101384 0.101384 2 2 3
0.213256 0.101385 0.101385 2 2 3
0.213575 0.101385 0.101385 2 2 3
0.213894 0.101385 0.101385 2 2 3
0.214214 0.101385 0.101385 2 2 3
0.214533 0.101385 0.101385 2 2 3
0.214853 0.101386 0.101386 2 2 3
0.215172 0.101386 0.101386 2 2 3
0.215492 0.101386 0.101386 2 2 3
0.215812 0.101386 0.101386 2 2 3
0.216133 0.101386 0.101386 2 2 3
0.216453 0.101387 0.101387 2 2 3
0.216774 0.101387 0.101387 2 2 3
0.217094 0.101387 0.101387 2 2 3
0.217415 0.101387 0.101387 2 2 3
0.217736 0.101387 0.101387 2 2 3
0.218057 0.101387 0.101387 2 2 3
0.218379 0.101388 0.101388 2 2 3
0.2187 0.101388 0.101388 2 2 3
0.219022 0.101388 0.101388 2 2 3
0.219344 0.101388 0.101388 2 2 3
0.219666 0.101388 0.101388 2 2 3
0.219988 0.101388 0.101388 2 2 3
0.22031 0.101388 0.101388 2 2 3
0.220633 0.101388 0.101388 2 2 3
0.220955 0.101388 0.101388 2 2 3
0.221278 0.101389 0.101389 2 2 3
0.221601 0.101389 0.101389 2 2 3
0.221924 0.101389 0.101389 2 2 3
0.222247 0.101389 0.101389 2 2 3
0.222571 0.101389 0.101389 2 2 3
0.222894 0.101389 0.101389 2 2 3
0.223218 0.101389 0.101389 2 2 3
0.223542 0.101389 0.101389 2 2 3
0.223866 0.101389 0.101389 2 2 3
0.22419 0.101389 0.101389 2 2 3
0.224514 0.101389 0.101389 2 2 3
0.224839 0.101389 0.101389 2 2 3
0.225164 0.101389 0.101389 2 2 3
0.225488 0.101389 0.101389 2 2 3
0.225813 0.101389 0.101389 2 2 3
0.226139 0.101389 0.101389 2 2 3
0.226464 0.101389 0.101389 2 2 3
0.226789 0.101389 0.101389 2 2 3
0.227115 0.101389 0.101389 2 2 3
0.227441 0.101389 0.101389 2 2 3
0.227767 0.101389 0.101389 2 2 3
0.228093 0.101389 0.101389 2 2 3
0.228419 0.101389 0.101389 2 2 3
0.228746 0.101389 0.101389 2 2 3
0.229072 0.101389 0.101389 2 2 3
0.229399 0.101389 0.101389 2 2 3
0.229726 0.101389 0.101389 2 2 3
0.230053 0.101389 0.101389 2 2 3
0.23038 0.101389 0.101389 2 2 3
0.230708 0.101389 0.101389 2 2 3
0.231035 0.101389 0.101389 2 2 3
0.231363 0.101388 0.101388 2 2 3
0.231691 0.101388 0.101388 2 2 3
0.232019 0.101388 0.101388 2 2 3
0.232347 0.101388 0.101388 2 2 3
0.232675 0.101388 0.101388 2 2 3
0.233004 0.101388 0.101388 2 2 3
0.233333 0.101388 0.101388 2 2 3
0.233661 0.101388 0.101388 2 2 3
0.23399 0.101387 0.101387 2 2 3
0.23432 0.101387 0.101387 2 2 3
0.234649 0.101387 0.101387 2 2 3
0.234978 0.101387 0.101387 2 2 3
0.235308 0.101387 0.101387 2 2 3
0.235638 0.101387 0.101387 2 2 3
0.235968 0.101386 0.101386 2 2 3
0.236298 0.101386 0.101386 2 2 3
0.236628 0.101386 0.101386 2 2 3
0.236959 0.101386 0.101386 2 2 3
0.237289 0.101386 0.101386 2 2 3
0.23762 0.101385 0.101385 2 2 3
0.237951 0.101385 0.101385 2 2 3
0.238282 0.101385 0.101385 2 2 3
0.238613 0.101385 0.101385 2 2 3
0.238945 0.101385 0.101385 2 2 3
0.239276 0.101384 0.101384 2 2 3
0.239608 0.101384 0.101384 2 2 3
0.23994 0.101384 0.101384 2 2 3
0.240272 0.101383 0.101383 2 2 3
0.240604 0.101383 0.101383 2 2 3
0.240937 0.101383 0.101383 2 2 3
0.241269 0.101383 0.101383 2 2 3
0.241602 0.101382 0.101382 2 2 3
0.241935 0.101382 0.101382 2 2 3
0.242268 0.101382 0.101382 2 2 3
0.242601 0.101381 0.101381 2 2 3
0.242934 0.101381 0.101381 2 2 3
0.243268 0.101381 0.101381 2 2 3
0.243601 0.10138 0.10138 2 2 3
0.243935 0.10138 0.10138 2 2 3
0.244269 0.10138 0.10138 2 2 3
0.244603 0.101379 0.101379 2 2 3
0.244938 0.101379 0.101379 2 2 3
0.245272 0.101379 0.101379 2 2 3
0.245607 0.101378 0.101378 2 2 3
0.245942 0.101378 0.101378 2 2 3
0.246277 0.101378 0.101378 2 2 3
0.246612 0.101377 0.101377 2 2 3
0.246947 0.101377 0.101377 2 2 3
0.247282 0.101376 0.101376 2 2 3
0.247618 0.101376 0.101376 2 2 3
0.247954 0.101376 0.101376 2 2 3
0.24829 0.101375 0.101375 2 2 3
0.248626 0.101375 0.101375 2 2 3
0.248962 0.101374 0.101374 2 2 3
0.249298 0.101374 0.101374 2 2 3
0.249635 0.101373 0.101373 2 2 3
0.249972 0.101373 0.101373 2 2 3
0.250309 0.101372 0.101372 2 2 3
0.250646 0.101372 0.101372 2 2 3
0.250983 0.101372 0.101372 2 2 3
0.25132 0.101371 0.101371 2 2 3
0.251658 0.101371 0.101371 2 2 3
0.251996 0.10137 0.10137 2 2 3
0.252333 0.10137 0.10137 2 2 3
0.252671 0.101369 0.101369 2 2 3
0.25301 0.101369 0.101369 2 2 3
0.253348 0.101368 0.101368 2 2 3
0.253686 0.101367 0.101367 2 2 3
0.254025 0.101367 0.101367 2 2 3
0.254364 0.101366 0.101366 2 2 3
0.254703 0.101366 0.101366 2 2 3
0.255042 0.101365 0.101365 2 2 3
0.255381 0.101365 0.101365 2 2 3
0.255721 0.101364 0.101364 2 2 3
0.256061 0.101364 0.101364 2 2 3
0.2564 0.101363 0.101363 2 2 3
0.25674 0.101362 0.101362 2 2 3
0.25708 0.101362 0.101362 2 2 3
0.257421 0.101361 0.101361 2 2 3
0.257761 0.101361 0.101361 2 2 3
0.258102 0.10136 0.10136 2 2 3
0.258443 0.101359 0.101359 2 2 3
0.258784 0.101359 0.101359 2 2 3
0.259125 0.101358 0.101358 2 2 3
0.259466 0.101357 0.101357 2 2 3
0.259807 0.101357 0.101357 2 2 3
0.260149 0.101356 0.101356 2 2 3
0.260491 0.101355 0.101355 2 2 3
0.260833 0.101355 0.101355 2 2 3
0.261175 0.101354 0.101354 2 2 3
0.261517 0.101353 0.101353 2 2 3
0.261859 0.101353 0.101353 2 2 3
0.262202 0.101352 0.101352 2 2 3
0.262544 0.101351 0.101351 2 2 3
0.262887 0.101351 0.101351 2 2 3
0.26323 0.10135 0.10135 2 2 3
0.263574 0.101349 0.101349 2 2 3
0.263917 0.101348 0.101348 2 2 3
0.264261 0.101348 0.101348 2 2 3
0.264604 0.101347 0.101347 2 2 3
0.264948 0.101346 0.101346 2 2 3
0.265292 0.101345 0.101345 2 2 3
0.265636 0.101345 0.101345 2 2 3
0.265981 0.101344 0.101344 2 2 3
0.266325 0.101343 0.101343 2 2 3
0.26667 0.101342 0.101342 2 2 3
0.267015 0.101341 0.101341 2 2 3
0.267359 0.101341 0.101341 2 2 3
0.267705 0.10134 0.10134 2 2 3
0.26805 0.101339 0.101339 2 2 3
0.268395 0.101338 0.101338 2 2 3
0.268741 0.101337 0.101337 2 2 3
0.269087 0.101336 0.101336 2 2 3
0.269433 0.101336 0.101336 2 2 3
0.269779 0.101335 0.101335 2 2 3
0.270125 0.101334 0.101334 2 2 3
0.270472 0.101333 0.101333 2 2 3
0.270818 0.101332 0.101332 2 2 3
0.271165 0.101331 0.101331 2 2 3
0.271512 0.10133 0.10133 2 2 3
0.271859 0.101329 0.101329 2 2 3
0.272206 0.101328 0.101328 2 2 3
0.272554 0.101328 0.101328 2 2 3
0.272901 0.101327 0.101327 2 2 3
0.273249 0.101326 0.101326 2 2 3
0.273597 0.101325 0.101325 2 2 3
0.273945 0.101324 0.101324 2 2 3
0.274293 0.101323 0.101323 2 2 3
0.274641 0.101322 0.101322 2 2 3
0.27499 0.101321 0.101321 2 2 3
0.275339 0.10132 0.10132 2 2 3
0.275688 0.101319 0.101319 2 2 3
0.276037 0.101318 0.101318 2 2 3
0.276386 0.101317 0.101317 2 2 3
0.276735 0.101316 0.101316 2 2 3
0.277085 0.101315 0.101315 2 2 3
0.277434 0.101314 0.101314 2 2 3
0.277784 0.101313 0.101313 2 2 3
0.278134 0.101312 0.101312 2 2 3
0.278484 0.101311 0.101311 2 2 3
0.278835 0.10131 0.10131 2 2 3
0.279185 0.101309 0.101309 2 2 3
0.279536 0.101308 0.101308 2 2 3
0.279886 0.101306 0.101306 2 2 3
0.280237 0.101305 0.101305 2 2 3
0.280589 0.101304 0.101304 2 2 3
0.28094 0.101303 0.101303 2 2 3
0.281291 0.101302 0.101302 2 2 3
0.281643 0.101301 0.101301 2 2 3
0.281995 0.1013 0.1013 2 2 3
0.282347 0.101299 0.101299 2 2 3
0.282699 0.101298 0.101298 2 2 3
0.283051 0.101296 0.101296 2 2 3
0.283403 0.101295 0.101295 2 2 3
0.283756 0.101294 0.101294 2 2 3
0.284109 0.101293 0.101293 2 2 3
0.284462 0.101292 0.101292 2 2 3
0.284815 0.101291 0.101291 2 2 3
0.285168 0.101289 0.101289 2 2 3
0.285521 0.101288 0.101288 2 2 3
0.285875 0.101287 0.101287 2 2 3
0.286228 0.101286 0.101286 2 2 3
0.286582 0.101285 0.101285 2 2 3
0.286936 0.101283 0.101283 2 2 3
0.287291 0.101282 0.101282 2 2 3
0.287645 0.101281 0.101281 2 2 3
0.287999 0.10128 0.10128 2 2 3
0.288354 0.101278 0.101278 2 2 3
0.288709 0.101277 0.101277 2 2 3
0.289064 0.101276 0.101276 2 2 3
0.289419 0.101274 0.101274 2 2 3
0.289774 0.101273 0.101273 2 2 3
0.29013 0.101272 0.101272 2 2 3
0.290485 0.101271 0.101271 2 2 3
0.290841 0.101269 0.101269 2 2 3
0.291197 0.101268 0.101268 2 2 3
0.291553 0.101267 0.101267 2 2 3
0.29191 0.101265 0.101265 2 2 3
0.292266 0.101264 0.101264 2 2 3
0.292623 0.101263 0.101263 2 2 3
0.292979 0.101261 0.101261 2 2 3
0.293336 0.10126 0.10126 2 2 3
0.293693 0.101258 0.101258 2 2 3
0.294051 0.101257 0.101257 2 2 3
0.294408 0.101256 0.101256 2 2 3
0.294766 0.101254 0.101254 2 2 3
0.295123 0.101253 0.101253 2 2 3
0.295481 0.101251 0.101251 2 2 3
0.295839 0.10125 0.10125 2 2 3
0.296197 0.101249 0.101249 2 2 3
0.296556 0.101247 0.101247 2 2 3
0.296914 0.101246 0.101246 2 2 3
0.297273 0.101244 0.101244 2 2 3
0.297632 0.101243 0.101243 2 2 3
0.297991 0.101241 0.101241 2 2 3
0.29835 0.10124 0.10124 2 2 3
0.298709 0.101238 0.101238 2 2 3
0.299069 0.101237 0.101237 2 2 3
0.299428 0.101235 0.101235 2 2 3
0.299788 0.101234 0.101234 2 2 3
0.300148 0.101232 0.101232 2 2 3
0.300508 0.101231 0.101231 2 2 3
0.300869 0.101229 0.101229 2 2 3
0.301229 0.101228 0.101228 2 2 3
0.30159 0.101226 0.101226 2 2 3
0.30195 0.101224 0.101224 2 2 3
0.302311 0.101223 0.101223 2 2 3
0.302672 0.101221 0.101221 2 2 3
0.303034 0.10122 0.10122 2 2 3
0.303395 0.101218 0.101218 2 2 3
0.303757 0.101216 0.101216 2 2 3
0.304118 0.101215 0.101215 2 2 3
0.30448 0.101213 0.101213 2 2 3
0.304842 0.101212 0.101212 2 2 3
0.305205 0.10121 0.10121 2 2 3
0.305567 0.101208 0.101208 2 2 3
0.305929 0.101207 0.101207 2 2 3
0.306292 0.101205 0.101205 2 2 3
0.306655 0.101203 0.101203 2 2 3
0.307018 0.101202 0.101202 2 2 3
0.307381 0.1012 0.1012 2 2 3
0.307744 0.101198 0.101198 2 2 3
0.308108 0.101197 0.101197 2 2 3
0.308472 0.101195 0.101195 2 2 3
0.308835 0.101193 0.101193 2 2 3
0.309199 0.101191 0.101191 2 2 3
0.309563 0.10119 0.10119 2 2 3
0.309928 0.101188 0.101188 2 2 3
0.310292 0.101186 0.101186 2 2 3
0.310657 0.101184 0.101184 2 2 3
0.311021 0.101183 0.101183 2 2 3
0.311386 0.101181 0.101181 2 2 3
0.311751 0.101179 0.101179 2 2 3
0.312117 0.101177 0.101177 2 2 3
0.312482 0.101175 0.101175 2 2 3
0.312848 0.101174 0.101174 2 2 3
0.313213 0.101172 0.101172 2 2 3
0.313579 0.10117 0.10117 2 2 3
0.313945 0.101168 0.101168 2 2 3
0.314311 0.101166 0.101166 2 2 3
0.314678 0.101164 0.101164 2 2 3
0.315044 0.101162 0.101162 2 2 3
0.315411 0.101161 0.101161 2 2 3
0.315778 0.101159 0.101159 2 2 3
0.316145 0.101157 0.101157 2 2 3
0.316512 0.101155 0.101155 2 2 3
0.316879 0.101153 0.101153 2 2 3
0.317246 0.101151 0.101151 2 2 3
0.317614 0.101149 0.101149 2 2 3
0.317982 0.101147 0.101147 2 2 3
0.31835 0.101145 0.101145 2 2 3
0.318718 0.101143 0.101143 2 2 3
0.319086 0.101141 0.101141 2 2 3
0.319454 0.101139 0.101139 2 2 3
0.319823 0.101137 0.101137 2 2 3
0.320192 0.101135 0.101135 2 2 3
0.32056 0.101133 0.101133 2 2 3
0.320929 0.101131 0.101131 2 2 3
0.321299 0.101129 0.101129 2 2 3
0.321668 0.101127 0.101127 2 2 3
0.322037 0.101125 0.101125 2 2 3
0.322407 0.101123 0.101123 2 2 3
0.322777 0.101121 0.101121 2 2 3
0.323147 0.101119 0.101119 2 2 3
0.323517 0.101117 0.101117 2 2 3
0.323887 0.101115 0.101115 2 2 3
0.324258 0.101113 0.101113 2 2 3
0.324628 0.101111 0.101111 2 2 3
0.324999 0.101109 0.101109 2 2 3
0.32537 0.101107 0.101107 2 2 3
0.325741 0.101105 0.101105 2 2 3
0.326112 0.101102 0.101102 2 2 3
0.326484 0.1011 0.1011 2 2 3
0.326855 0.101098 0.101098 2 2 3
0.327227 0.101096 0.101096 2 2 3
0.327599 0.101094 0.101094 2 2 3
0.327971 0.101092 0.101092 2 2 3
0.328343 0.101089 0.101089 2 2 3
0.328715 0.101087 0.101087 2 2 3
0.329088 0.101085 0.101085 2 2 3
0.32946 0.101083 0.101083 2 2 3
0.329833 0.101081 0.101081 2 2 3
0.330206 0.101078 0.101078 2 2 3
0.330579 0.101076 0.101076 2 2 3
0.330952 0.101074 0.101074 2 2 3
0.331326 0.101072 0.101072 2 2 3
0.331699 0.101069 0.101069 2 2 3
0.332073 0.101067 0.101067 2 2 3
0.332447 0.101065 0.101065 2 2 3
0.332821 0.101063 0.101063 2 2 3
0.333195 0.10106 0.10106 2 2 3
0.333569 0.101058 0.101058 2 2 3
0.333944 0.101056 0.101056 2 2 3
0.334318 0.101053 0.101053 2 2 3
0.334693 0.101051 0.101051 2 2 3
0.335068 0.101049 0.101049 2 2 3
0.335443 0.101046 0.101046 2 2 3
0.335819 0.101044 0.101044 2 2 3
0.336194 0.101042 0.101042 2 2 3
0.33657 0.101039 0.101039 2 2 3
0.336945 0.101037 0.101037 2 2 3
0.337321 0.101034 0.101034 2 2 3
0.337697 0.101032 0.101032 2 2 3
0.338073 0.10103 0.10103 2 2 3
0.33845 0.101027 0.101027 2 2 3
0.338826 0.101025 0.101025 2 2 3
0.339203 0.101022 0.101022 2 2 3
0.33958 0.10102 0.10102 2 2 3
0.339957 0.101017 0.101017 2 2 3
0.340334 0.101015 0.101015 2 2 3
0.340711 0.101012 0.101012 2 2 3
0.341089 0.10101 0.10101 2 2 3
0.341466 0.101007 0.101007 2 2 3
0.341844 0.101005 0.101005 2 2 3
0.342222 0.101002 0.101002 2 2 3
0.3426 0.101 0.101 2 2 3
0.342978 0.100997 0.100997 2 2 3
0.343356 0.100995 0.100995 2 2 3
0.343735 0.100992 0.100992 2 2 3
0.344114 0.10099 0.10099 2 2 3
0.344492 0.100987 0.100987 2 2 3
0.344871 0.100984 0.100984 2 2 3
0.34525 0.100982 0.100982 2 2 3
0.34563 0.100979 0.100979 2 2 3
0.346009 0.100977 0.100977 2 2 3
0.346389 0.100974 0.100974 2 2 3
0.346768 0.100971 0.100971 2 2 3
0.347148 0.100969 0.100969 2 2 3
0.347528 0.100966 0.100966 2 2 3
0.347909 0.100963 0.100963 2 2 3
0.348289 0.100961 0.100961 2 2 3
0.348669 0.100958 0.100958 2 2 3
0.34905 0.100955 0.100955 2 2 3
0.349431 0.100953 0.100953 2 2 3
0.349812 0.10095 0.10095 2 2 3
0.350193 0.100947 0.100947 2 2 3
0.350574 0.100945 0.100945 2 2 3
0.350956 0.100942 0.100942 2 2 3
0.351337 0.100939 0.100939 2 2 3
0.351719 0.100936 0.100936 2 2 3
0.352101 0.100934 0.100934 2 2 3
0.352483 0.100931 0.100931 2 2 3
0.352865 0.100928 0.100928 2 2 3
0.353247 0.100925 0.100925 2 2 3
0.35363 0.100922 0.100922 2 2 3
0.354012 0.10092 0.10092 2 2 3
0.354395 0.100917 0.100917 2 2 3
0.354778 0.100914 0.100914 2 2 3
0.355161 0.100911 0.100911 2 2 3
0.355544 0.100908 0.100908 2 2 3
0.355928 0.100905 0.100905 2 2 3
0.356311 0.100903 0.100903 2 2 3
0.356695 0.1009 0.1009 2 2 3
0.357079 0.100897 0.100897 2 2 3
0.357463 0.100894 0.100894 2 2 3
0.357847 0.100891 0.100891 2 2 3
0.358231 0.100888 0.100888 2 2 3
0.358615 0.100885 0.100885 2 2 3
0.359 0.100882 0.100882 2 2 3
0.359385 0.100879 0.100879 2 2 3
0.35977 0.100876 0.100876 2 2 3
0.360155 0.100873 0.100873 2 2 3
0.36054 0.10087 0.10087 2 2 3
0.360925 0.100867 0.100867 2 2 3
0.361311 0.100864 0.100864 2 2 3
0.361696 0.100861 0.100861 2 2 3
0.362082 0.100858 0.100858 2 2 3
0.362468 0.100855 0.100855 2 2 3
0.362854 0.100852 0.100852 2 2 3
0.36324 0.100849 0.100849 2 2 3
0.363627 0.100846 0.100846 2 2 3
0.364013 0.100843 0.100843 2 2 3
0.3644 0.10084 0.10084 2 2 3
0.364787 0.100837 0.100837 2 2 3
0.365174 0.100834 0.100834 2 2 3
0.365561 0.100831 0.100831 2 2 3
0.365948 0.100828 0.100828 2 2 3
0.366336 0.100825 0.100825 2 2 3
0.366723 0.100821 0.100821 2 2 3
0.367111 0.100818 0.100818 2 2 3
0.367499 0.100815 0.100815 2 2 3
0.367887 0.100812 0.100812 2 2 3
0.368275 0.100809 0.100809 2 2 3
0.368663 0.100806 0.100806 2 2 3
0.369052 0.100803 0.100803 2 2 3
0.36944 0.100799 0.100799 2 2 3
0.369829 0.100796 0.100796 2 2 3
0.370218 0.100793 0.100793 2 2 3
0.370607 0.10079 0.10079 2 2 3
0.370996 0.100786 0.100786 2 2 3
0.371386 0.100783 0.100783 2 2 3
0.371775 0.10078 0.10078 2 2 3
0.372165 0.100777 0.100777 2 2 3
0.372554 0.100773 0.100773 2 2 3
0.372944 0.10077 0.10077 2 2 3
0.373334 0.100767 0.100767 2 2 3
0.373725 0.100763 0.100763 2 2 3
0.374115 0.10076 0.10076 2 2 3
0.374506 0.100757 0.100757 2 2 3
0.374896 0.100754 0.100754 2 2 3
0.375287 0.10075 0.10075 2 2 3
0.375678 0.100747 0.100747 2 2 3
0.376069 0.100743 0.100743 2 2 3
0.37646 0.10074 0.10074 2 2 3
0.376852 0.100737 0.100737 2 2 3
0.377243 0.100733 0.100733 2 2 3
0.377635 0.10073 0.10073 2 2 3
0.378027 0.100726 0.100726 2 2 3
0.378419 0.100723 0.100723 2 2 3
0.378811 0.10072 0.10072 2 2 3
0.379203 0.100716 0.100716 2 2 3
0.379596 0.100713 0.100713 2 2 3
0.379988 0.100709 0.100709 2 2 3
0.380381 0.100706 0.100706 2 2 3
0.380774 0.100702 0.100702 2 2 3
0.381167 0.100699 0.100699 2 2 3
0.38156 0.100695 0.100695 2 2 3
0.381953 0.100692 0.100692 2 2 3
0.382347 0.100688 0.100688 2 2 3
0.38274 0.100685 0.100685 2 2 3
0.383134 0.100681 0.100681 2 2 3
0.383528 0.100678 0.100678 2 2 3
0.383922 0.100674 0.100674 2 2 3
0.384316 0.10067 0.10067 2 2 3
0.38471 0.100667 0.100667 2 2 3
0.385105 0.100663 0.100663 2 2 3
0.385499 0.10066 0.10066 2 2 3
0.385894 0.100656 0.100656 2 2 3
0.386289 0.100652 0.100652 2 2 3
0.386684 0.100649 0.100649 2 2 3
0.387079 0.100645 0.100645 2 2 3
0.387474 0.100641 0.100641 2 2 3
0.38787 0.100638 0.100638 2 2 3
0.388265 0.100634 0.100634 2 2 3
0.388661 0.10063 0.10063 2 2 3
0.389057 0.100627 0.100627 2 2 3
0.389453 0.100623 0.100623 2 2 3
0.389849 0.100619 0.100619 2 2 3
0.390245 0.100616 0.100616 2 2 3
0.390642 0.100612 0.100612 2 2 3
0.391038 0.100608 0.100608 2 2 3
0.391435 0.100604 0.100604 2 2 3
0.391832 0.100601 0.100601 2 2 3
0.392229 0.100597 0.100597 2 2 3
0.392626 0.100593 0.100593 2 2 3
0.393024 0.100589 0.100589 2 2 3
0.393421 0.100585 0.100585 2 2 3
0.393819 0.100581 0.100581 2 2 3
0.394216 0.100578 0.100578 2 2 3
0.394614 0.100574 0.100574 2 2 3
0.395012 0.10057 0.10057 2 2 3
0.39541 0.100566 0.100566 2 2 3
0.395809 0.100562 0.100562 2 2 3
0.396207 0.100558 0.100558 2 2 3
0.396606 0.100554 0.100554 2 2 3
0.397004 0.100551 0.100551 2 2 3
0.397403 0.100547 0.100547 2 2 3
0.397802 0.100543 0.100543 2 2 3
0.398201 0.100539 0.100539 2 2 3
0.398601 0.100535 0.100535 2 2 3
0.399 0.100531 0.100531 2 2 3
0.3994 0.100527 0.100527 2 2 3
0.399799 0.100523 0.100523 2 2 3
0.400199 0.100519 0.100519 2 2 3
0.400599 0.100515 0.100515 2 2 3
0.400999 0.100511 0.100511 2 2 3
0.401399 0.100507 0.100507 2 2 3
0.4018 0.100503 0.100503 2 2 3
0.4022 0.100499 0.100499 2 2 3
0.402601 0.100495 0.100495 2 2 3
0.403002 0.100491 0.100491 2 2 3
0.403403 0.100487 0.100487 2 2 3
0.403804 0.100483 0.100483 2 2 3
0.404205 0.100478 0.100478 2 2 3
0.404606 0.100474 0.100474 2 2 3
0.405008 0.10047 0.10047 2 2 3
0.405409 0.100466 0.100466 2 2 3
0.405811 0.100462 0.100462 2 2 3
0.406213 0.100458 0.100458 2 2 3
0.406615 0.100454 0.100454 2 2 3
0.407017 0.100449 0.100449 2 2 3
0.40742 0.100445 0.100445 2 2 3
0.407822 0.100441 0.100441 2 2 3
0.408225 0.100437 0.100437 2 2 3
0.408628 0.100433 0.100433 2 2 3
0.40903 0.100428 0.100428 2 2 3
0.409433 0.100424 0.100424 2 2 3
0.409837 0.10042 0.10042 2 2 3
0.41024 0.100416 0.100416 2 2 3
0.410643 0.100411 0.100411 2 2 3
0.411047 0.100407 0.100407 2 2 3
0.411451 0.100403 0.100403 2 2 3
0.411854 0.100399 0.100399 2 2 3
0.412258 0.100394 0.100394 2 2 3
0.412663 0.10039 0.10039 2 2 3
0.413067 0.100386 0.100386 2 2 3
0.413471 0.100381 0.100381 2 2 3
0.413876 0.100377 0.100377 2 2 3
0.41428 0.100373 0.100373 2 2 3
0.414685 0.100368 0.100368 2 2 3
0.41509 0.100364 0.100364 2 2 3
0.415495 0.100359 0.100359 2 2 3
0.4159 0.100355 0.100355 2 2 3
0.416306 0.100351 0.100351 2 2 3
0.416711 0.100346 0.100346 2 2 3
0.417117 0.100342 0.100342 2 2 3
0.417522 0.100337 0.100337 2 2 3
0.417928 0.100333 0.100333 2 2 3
0.418334 0.100328 0.100328 2 2 3
0.41874 0.100324 0.100324 2 2 3
0.419147 0.100319 0.100319 2 2 3
0.419553 0.100315 0.100315 2 2 3
0.41996 0.10031 0.10031 2 2 3
0.420366 0.100306 0.100306 2 2 3
0.420773 0.100301 0.100301 2 2 3
0.42118 0.100297 0.100297 2 2 3
0.421587 0.100292 0.100292 2 2 3
0.421994 0.100288 0.100288 2 2 3
0.422402 0.100283 0.100283 2 2 3
0.422809 0.100279 0.100279 2 2 3
0.423217 0.100274 0.100274 2 2 3
0.423624 0.100269 0.100269 2 2 3
0.424032 0.100265 0.100265 2 2 3
0.42444 0.10026 0.10026 2 2 3
0.424848 0.100256 0.100256 2 2 3
0.425257 0.100251 0.100251 2 2 3
0.425665 0.100246 0.100246 2 2 3
0.426074 0.100242 0.100242 2 2 3
0.426482 0.100237 0.100237 2 2 3
0.426891 0.100232 0.100232 2 2 3
0.4273 0.100227 0.100227 2 2 3
0.427709 0.100223 0.100223 2 2 3
0.428118 0.100218 0.100218 2 2 3
0.428528 0.100213 0.100213 2 2 3
0.428937 0.100209 0.100209 2 2 3
0.429347 0.100204 0.100204 2 2 3
0.429756 0.100199 0.100199 2 2 3
0.430166 0.100194 0.100194 2 2 3
0.430576 0.100189 0.100189 2 2 3
0.430986 0.100185 0.100185 2 2 3
0.431397 0.10018 0.10018 2 2 3
0.431807 0.100175 0.100175 2 2 3
0.432218 0.10017 0.10017 2 2 3
0.432628 0.100165 0.100165 2 2 3
0.433039 0.10016 0.10016 2 2 3
0.43345 0.100156 0.100156 2 2 3
0.433861 0.100151 0.100151 2 2 3
0.434272 0.100146 0.100146 2 2 3
0.434683 0.100141 0.100141 2 2 3
0.435095 0.100136 0.100136 2 2 3
0.435506 0.100131 0.100131 2 2 3
0.435918 0.100126 0.100126 2 2 3
0.43633 0.100121 0.100121 2 2 3
0.436742 0.100116 0.100116 2 2 3
0.437154 0.100111 0.100111 2 2 3
0.437566 0.100106 0.100106 2 2 3
0.437978 0.100101 0.100101 2 2 3
0.438391 0.100096 0.100096 2 2 3
0.438803 0.100091 0.100091 2 2 3
0.439216 0.100086 0.100086 2 2 3
0.439629 0.100081 0.100081 2 2 3
0.440042 0.100076 0.100076 2 2 3
0.440455 0.100071 0.100071 2 2 3
0.440868 0.100066 0.100066 2 2 3
0.441281 0.100061 0.100061 2 2 3
0.441695 0.100056 0.100056 2 2 3
0.442108 0.100051 0.100051 2 2 3
0.442522 0.100046 0.100046 2 2 3
0.442936 0.100041 0.100041 2 2 3
0.44335 0.100035 0.100035 2 2 3
0.443764 0.10003 0.10003 2 2 3
0.444178 0.100025 0.100025 2 2 3
0.444593 0.10002 0.10002 2 2 3
0.445007 0.100015 0.100015 2 2 3
0.445422 0.10001 0.10001 2 2 3
0.445836 0.100004 0.100004 2 2 3
0.446251 0.0999993 0.0999993 2 2 3
0.446666 0.099994 0.099994 2 2 3
0.447081 0.0999888 0.0999888 2 2 3
0.447497 0.0999836 0.0999836 2 2 3
0.447912 0.0999783 0.0999783 2 2 3
0.448327 0.0999731 0.0999731 2 2 3
0.448743 0.0999678 0.0999678 2 2 3
0.449159 0.0999625 0.0999625 2 2 3
0.449575 0.0999572 0.0999572 2 2 3
0.449991 0.0999519 0.0999519 2 2 3
0.450407 0.0999466 0.0999466 2 2 3
0.450823 0.0999412 0.0999412 2 2 3
0.451239 0.0999359 0.0999359 2 2 3
0.451656 0.0999305 0.0999305 2 2 3
0.452072 0.0999252 0.0999252 2 2 3
0.452489 0.0999198 0.0999198 2 2 3
0.452906 0.0999144 0.0999144 2 2 3
0.453323 0.099909 0.099909 2 2 3
0.45374 0.0999036 0.0999036 2 2 3
0.454157 0.0998982 0.0998982 2 2 3
0.454575 0.0998928 0.0998928 2 2 3
0.454992 0.0998873 0.0998873 2 2 3
0.45541 0.0998819 0.0998819 2 2 3
0.455828 0.0998764 0.0998764 2 2 3
0.456245 0.0998709 0.0998709 2 2 3
0.456663 0.0998654 0.0998654 2 2 3
0.457081 0.0998599 0.0998599 2 2 3
0.4575 0.0998544 0.0998544 2 2 3
0.457918 0.0998489 0.0998489 2 2 3
0.458336 0.0998434 0.0998434 2 2 3
0.458755 0.0998378 0.0998378 2 2 3
0.459174 0.0998323 0.0998323 2 2 3
0.459593 0.0998267 0.0998267 2 2 3
0.460011 0.0998211 0.0998211 2 2 3
0.460431 0.0998156 0.0998156 2 2 3
0.46085 0.09981 0.09981 2 2 3
0.461269 0.0998043 0.0998043 2 2 3
0.461688 0.0997987 0.0997987 2 2 3
0.462108 0.0997931 0.0997931 2 2 3
0.462528 0.0997874 0.0997874 2 2 3
0.462947 0.0997818 0.0997818 2 2 3
0.463367 0.0997761 0.0997761 2 2 3
0.463787 0.0997705 0.0997705 2 2 3
0.464208 0.0997648 0.0997648 2 2 3
0.464628 0.0997591 0.0997591 2 2 3
0.465048 0.0997534 0.0997534 2 2 3
0.465469 0.0997476 0.0997476 2 2 3
0.465889 0.0997419 0.0997419 2 2 3
0.46631 0.0997362 0.0997362 2 2 3
0.466731 0.0997304 0.0997304 2 2 3
0.467152 0.0997246 0.0997246 2 2 3
0.467573 0.0997188 0.0997188 2 2 3
0.467994 0.0997131 0.0997131 2 2 3
0.468416 0.0997073 0.0997073 2 2 3
0.468837 0.0997014 0.0997014 2 2 3
0.469259 0.0996956 0.0996956 2 2 3
0.46968 0.0996898 0.0996898 2 2 3
0.470102 0.0996839 0.0996839 2 2 3
0.470524 0.0996781 0.0996781 2 2 3
0.470946 0.0996722 0.0996722 2 2 3
0.471368 0.0996663 0.0996663 2 2 3
0.471791 0.0996604 0.0996604 2 2 3
0.472213 0.0996545 0.0996545 2 2 3
0.472636 0.0996486 0.0996486 2 2 3
0.473058 0.0996427 0.0996427 2 2 3
0.473481 0.0996368 0.0996368 2 2 3
0.473904 0.0996308 0.0996308 2 2 3
0.474327 0.0996249 0.0996249 2 2 3
0.47475 0.0996189 0.0996189 2 2 3
0.475173 0.0996129 0.0996129 2 2 3
0.475597 0.0996069 0.0996069 2 2 3
0.47602 0.0996009 0.0996009 2 2 3
0.476444 0.0995949 0.0995949 2 2 3
0.476867 0.0995889 0.0995889 2 2 3
0.477291 0.0995828 0.0995828 2 2 3
0.477715 0.0995768 0.0995768 2 2 3
0.478139 0.0995707 0.0995707 2 2 3
0.478563 0.0995646 0.0995646 2 2 3
0.478988 0.0995586 0.0995586 2 2 3
0.479412 0.0995525 0.0995525 2 2 3
0.479837 0.0995464 0.0995464 2 2 3
0.480261 0.0995402 0.0995402 2 2 3
0.480686 0.0995341 0.0995341 2 2 3
0.481111 0.099528 0.099528 2 2 3
0.481536 0.0995218 0.0995218 2 2 3
0.481961 0.0995157 0.0995157 2 2 3
0.482386 0.0995095 0.0995095 2 2 3
0.482811 0.0995033 0.0995033 2 2 3
0.483237 0.0994971 0.0994971 2 2 3
0.483662 0.0994909 0.0994909 2 2 3
0.484088 0.0994847 0.0994847 2 2 3
0.484514 0.0994784 0.0994784 2 2 3
0.48494 0.0994722 0.0994722 2 2 3
0.485366 0.0994659 0.0994659 2 2 3
0.485792 0.0994597 0.0994597 2 2 3
0.486218 0.0994534 0.0994534 2 2 3
0.486644 0.0994471 0.0994471 2 2 3
0.487071 0.0994408 0.0994408 2 2 3
0.487497 0.0994345 0.0994345 2 2 3
0.487924 0.0994282 0.0994282 2 2 3
0.488351 0.0994218 0.0994218 2 2 3
0.488778 0.0994155 0.0994155 2 2 3
0.489205 0.0994091 0.0994091 2 2 3
0.489632 0.0994028 0.0994028 2 2 3
0.490059 0.0993964 0.0993964 2 2 3
0.490486 0.09939 0.09939 2 2 3
0.490914 0.0993836 0.0993836 2 2 3
0.491341 0.0993772 0.0993772 2 2 3
0.491769 0.0993708 0.0993708 2 2 3
0.492197 0.0993643 0.0993643 2 2 3
0.492625 0.0993579 0.0993579 2 2 3
0.493053 0.0993514 0.0993514 2 2 3
0.493481 0.0993449 0.0993449 2 2 3
0.493909 0.0993385 0.0993385 2 2 3
0.494337 0.099332 0.099332 2 2 3
0.494766 0.0993255 0.0993255 2 2 3
0.495194 0.0993189 0.0993189 2 2 3
0.495623 0.0993124 0.0993124 2 2 3
0.496052 0.0993059 0.0993059 2 2 3
0.496481 0.0992993 0.0992993 2 2 3
0.49691 0.0992928 0.0992928 2 2 3
0.497339 0.0992862 0.0992862 2 2 3
0.497768 0.0992796 0.0992796 2 2 3
0.498197 0.099273 0.099273 2 2 3
0.498627 0.0992664 0.0992664 2 2 3
0.499056 0.0992598 0.0992598 2 2 3
0.499486 0.0992532 0.0992532 2 2 3
0.499916 0.0992465 0.0992465 2 2 3
0.500346 0.0992399 0.0992399 2 2 3
0.500776 0.0992332 0.0992332 2 2 3
0.501206 0.0992265 0.0992265 2 2 3
0.501636 0.0992198 0.0992198 2 2 3
0.502066 0.0992131 0.0992131 2 2 3
0.502497 0.0992064 0.0992064 2 2 3
0.502927 0.0991997 0.0991997 2 2 3
0.503358 0.099193 0.099193 2 2 3
0.503789 0.0991862 0.0991862 2 2 3
0.50422 0.0991795 0.0991795 2 2 3
0.504651 0.0991727 0.0991727 2 2 3
0.505082 0.0991659 0.0991659 2 2 3
0.505513 0.0991591 0.0991591 2 2 3
0.505944 0.0991523 0.0991523 2 2 3
0.506375 0.0991455 0.0991455 2 2 3
0.506807 0.0991387 0.0991387 2 2 3
0.507239 0.0991318 0.0991318 2 2 3
0.50767 0.099125 0.099125 2 2 3
0.508102 0.0991181 0.0991181 2 2 3
0.508534 0.0991113 0.0991113 2 2 3
0.508966 0.0991044 0.0991044 2 2 3
0.509398 0.0990975 0.0990975 2 2 3
0.50983 0.0990906 0.0990906 2 2 3
0.510263 0.0990837 0.0990837 2 2 3
0.510695 0.0990767 0.0990767 2 2 3
0.511128 0.0990698 0.0990698 2 2 3
0.51156 0.0990628 0.0990628 2 2 3
0.511993 0.0990559 0.0990559 2 2 3
0.512426 0.0990489 0.0990489 2 2 3
0.512859 0.0990419 0.0990419 2 2 3
0.513292 0.0990349 0.0990349 2 2 3
0.513725 0.0990279 0.0990279 2 2 3
0.514159 0.0990209 0.0990209 2 2 3
0.514592 0.0990139 0.0990139 2 2 3
0.515025 0.0990068 0.0990068 2 2 3
0.515459 0.0989998 0.0989998 2 2 3
0.515893 0.0989927 0.0989927 2 2 3
0.516327 0.0989856 0.0989856 2 2 3
0.51676 0.0989785 0.0989785 2 2 3
0.517194 0.0989714 0.0989714 2 2 3
0.517629 0.0989643 0.0989643 2 2 3
0.518063 0.0989572 0.0989572 2 2 3
0.518497 0.0989501 0.0989501 2 2 3
0.518932 0.0989429 0.0989429 2 2 3
0.519366 0.0989358 0.0989358 2 2 3
0.519801 0.0989286 0.0989286 2 2 3
0.520235 0.0989214 0.0989214 2 2 3
0.52067 0.0989142 0.0989142 2 2 3
0.521105 0.098907 0.098907 2 2 3
0.52154 0.0988998 0.0988998 2 2 3
0.521975 0.0988926 0.0988926 2 2 3
0.522411 0.0988853 0.0988853 2 2 3
0.522846 0.0988781 0.0988781 2 2 3
0.523281 0.0988708 0.0988708 2 2 3
0.523717 0.0988636 0.0988636 2 2 3
0.524153 0.0988563 0.0988563 2 2 3
0.524588 0.098849 0.098849 2 2 3
0.525024 0.0988417 0.0988417 2 2 3
0.52546 0.0988343 0.0988343 2 2 3
0.525896 0.098827 0.098827 2 2 3
0.526332 0.0988197 0.0988197 2 2 3
0.526769 0.0988123 0.0988123 2 2 3
0.527205 0.098805 0.098805 2 2 3
0.527641 0.0987976 0.0987976 2 2 3
0.528078 0.0987902 0.0987902 2 2 3
0.528515 0.0987828 0.0987828 2 2 3
0.528951 0.0987754 0.0987754 2 2 3
0.529388 0.098768 0.098768 2 2 3
0.529825 0.0987605 0.0987605 2 2 3
0.530262 0.0987531 0.0987531 2 2 3
0.530699 0.0987456 0.0987456 2 2 3
0.531137 0.0987382 0.0987382 2 2 3
0.531574 0.0987307 0.0987307 2 2 3
0.532011 0.0987232 0.0987232 2 2 3
0.532449 0.0987157 0.0987157 2 2 3
0.532887 0.0987082 0.0987082 2 2 3
0.533324 0.0987007 0.0987007 2 2 3
0.533762 0.0986931 0.0986931 2 2 3
0.5342 0.0986856 0.0986856 2 2 3
0.534638 0.098678 0.098678 2 2 3
0.535076 0.0986704 0.0986704 2 2 3
0.535515 0.0986629 0.0986629 2 2 3
0.535953 0.0986553 0.0986553 2 2 3
0.536391 0.0986477 0.0986477 2 2 3
0.53683 0.09864 0.09864 2 2 3
0.537268 0.0986324 0.0986324 2 2 3
0.537707 0.0986248 0.0986248 2 2 3
0.538146 0.0986171 0.0986171 2 2 3
0.538585 0.0986095 0.0986095 2 2 3
0.539024 0.0986018 0.0986018 2 2 3
0.539463 0.0985941 0.0985941 2 2 3
0.539902 0.0985864 0.0985864 2 2 3
0.540342 0.0985787 0.0985787 2 2 3
0.540781 0.098571 0.098571 2 2 3
0.54122 0.0985633 0.0985633 2 2 3
0.54166 0.0985555 0.0985555 2 2 3
0.5421 0.0985478 0.0985478 2 2 3
0.542539 0.09854 0.09854 2 2 3
0.542979 0.0985322 0.0985322 2 2 3
0.543419 0.0985244 0.0985244 2 2 3
0.543859 0.0985166 0.0985166 2 2 3
0.5443 0.0985088 0.0985088 2 2 3
0.54474 0.098501 0.098501 2 2 3
0.54518 0.0984932 0.0984932 2 2 3
0.545621 0.0984853 0.0984853 2 2 3
0.546061 0.0984775 0.0984775 2 2 3
0.546502 0.0984696 0.0984696 2 2 3
0.546942 0.0984617 0.0984617 2 2 3
0.547383 0.0984538 0.0984538 2 2 3
0.547824 0.0984459 0.0984459 2 2 3
0.548265 0.098438 0.098438 2 2 3
0.548706 0.0984301 0.0984301 2 2 3
0.549147 0.0984221 0.0984221 2 2 3
0.549589 0.0984142 0.0984142 2 2 3
0.55003 0.0984062 0.0984062 2 2 3
0.550472 0.0983983 0.0983983 2 2 3
0.550913 0.0983903 0.0983903 2 2 3
0.551355 0.0983823 0.0983823 2 2 3
0.551797 0.0983743 0.0983743 2 2 3
0.552238 0.0983663 0.0983663 2 2 3
0.55268 0.0983582 0.0983582 2 2 3
0.553122 0.0983502 0.0983502 2 2 3
0.553565 0.0983422 0.0983422 2 2 3
0.554007 0.0983341 0.0983341 2 2 3
0.554449 0.098326 0.098326 2 2 3
0.554891 0.0983179 0.0983179 2 2 3
0.555334 0.0983098 0.0983098 2 2 3
0.555777 0.0983017 0.0983017 2 2 3
0.556219 0.0982936 0.0982936 2 2 3
0.556662 0.0982855 0.0982855 2 2 3
0.557105 0.0982773 0.0982773 2 2 3
0.557548 0.0982692 0.0982692 2 2 3
0.557991 0.098261 0.098261 2 2 3
0.558434 0.0982528 0.0982528 2 2 3
0.558877 0.0982447 0.0982447 2 2 3
0.55932 0.0982365 0.0982365 2 2 3
0.559764 0.0982283 0.0982283 2 2 3
0.560207 0.09822 0.09822 2 2 3
0.560651 0.0982118 0.0982118 2 2 3
0.561095 0.0982036 0.0982036 2 2 3
0.561538 0.0981953 0.0981953 2 2 3
0.561982 0.098187 0.098187 2 2 3
0.562426 0.0981788 0.0981788 2 2 3
0.56287 0.0981705 0.0981705 2 2 3
0.563314 0.0981622 0.0981622 2 2 3
0.563758 0.0981539 0.0981539 2 2 3
0.564203 0.0981455 0.0981455 2 2 3
0.564647 0.0981372 0.0981372 2 2 3
0.565092 0.0981288 0.0981288 2 2 3
0.565536 0.0981205 0.0981205 2 2 3
0.565981 0.0981121 0.0981121 2 2 3
0.566426 0.0981037 0.0981037 2 2 3
0.56687 0.0980953 0.0980953 2 2 3
0.567315 0.0980869 0.0980869 2 2 3
0.56776 0.0980785 0.0980785 2 2 3
0.568205 0.0980701 0.0980701 2 2 3
0.568651 0.0980617 0.0980617 2 2 3
0.569096 0.0980532 0.0980532 2 2 3
0.569541 0.0980448 0.0980448 2 2 3
0.569987 0.0980363 0.0980363 2 2 3
0.570432 0.0980278 0.0980278 2 2 3
0.570878 0.0980193 0.0980193 2 2 3
0.571323 0.0980108 0.0980108 2 2 3
0.571769 0.0980023 0.0980023 2 2 3
0.572215 0.0979938 0.0979938 2 2 3
0.572661 0.0979852 0.0979852 2 2 3
0.573107 0.0979767 0.0979767 2 2 3
0.573553 0.0979681 0.0979681 2 2 3
0.573999 0.0979595 0.0979595 2 2 3
0.574446 0.097951 0.097951 2 2 3
0.574892 0.0979424 0.0979424 2 2 3
0.575339 0.0979338 0.0979338 2 2 3
0.575785 0.0979251 0.0979251 2 2 3
0.576232 0.0979165 0.0979165 2 2 3
0.576679 0.0979079 0.0979079 2 2 3
0.577125 0.0978992 0.0978992 2 2 3
0.577572 0.0978906 0.0978906 2 2 3
0.578019 0.0978819 0.0978819 2 2 3
0.578466 0.0978732 0.0978732 2 2 3
0.578914 0.0978645 0.0978645 2 2 3
0.579361 0.0978558 0.0978558 2 2 3
0.579808 0.0978471 0.0978471 2 2 3
0.580256 0.0978383 0.0978383 2 2 3
0.580703 0.0978296 0.0978296 2 2 3
0.581151 0.0978208 0.0978208 2 2 3
0.581598 0.0978121 0.0978121 2 2 3
0.582046 0.0978033 0.0978033 2 2 3
0.582494 0.0977945 0.0977945 2 2 3
0.582942 0.0977857 0.0977857 2 2 3
0.58339 0.0977769 0.0977769 2 2 3
0.583838 0.0977681 0.0977681 2 2 3
0.584286 0.0977593 0.0977593 2 2 3
0.584734 0.0977504 0.0977504 2 2 3
0.585183 0.0977416 0.0977416 2 2 3
0.585631 0.0977327 0.0977327 2 2 3
0.58608 0.0977238 0.0977238 2 2 3
0.586528 0.0977149 0.0977149 2 2 3
0.586977 0.097706 0.097706 2 2 3
0.587426 0.0976971 0.0976971 2 2 3
0.587874 0.0976882 0.0976882 2 2 3
0.588323 0.0976793 0.0976793 2 2 3
0.588772 0.0976703 0.0976703 2 2 3
0.589221 0.0976614 0.0976614 2 2 3
0.58967 0.0976524 0.0976524 2 2 3
0.59012 0.0976434 0.0976434 2 2 3
0.590569 0.0976344 0.0976344 2 2 3
0.591018 0.0976255 0.0976255 2 2 3
0.591468 0.0976164 0.0976164 2 2 3
0.591917 0.0976074 0.0976074 2 2 3
0.592367 0.0975984 0.0975984 2 2 3
0.592817 0.0975893 0.0975893 2 2 3
0.593267 0.0975803 0.0975803 2 2 3
0.593717 0.0975712 0.0975712 2 2 3
0.594167 0.0975621 0.0975621 2 2 3
0.594617 0.0975531 0.0975531 2 2 3
0.595067 0.097544 0.097544 2 2 3
0.595517 0.0975348 0.0975348 2 2 3
0.595967 0.0975257 0.0975257 2 2 3
0.596418 0.0975166 0.0975166 2 2 3
0.596868 0.0975074 0.0975074 2 2 3
0.597319 0.0974983 0.0974983 2 2 3
0.597769 0.0974891 0.0974891 2 2 3
0.59822 0.0974799 0.0974799 2 2 3
0.598671 0.0974708 0.0974708 2 2 3
0.599121 0.0974616 0.0974616 2 2 3
0.599572 0.0974523 0.0974523 2 2 3
0.600023 0.0974431 0.0974431 2 2 3
0.600474 0.0974339 0.0974339 2 2 3
0.600926 0.0974246 0.0974246 2 2 3
0.601377 0.0974154 0.0974154 2 2 3
0.601828 0.0974061 0.0974061 2 2 3
0.60228 0.0973968 0.0973968 2 2 3
0.602731 0.0973876 0.0973876 2 2 3
0.603183 0.0973783 0.0973783 2 2 3
0.603634 0.097369 0.097369 2 2 3
0.604086 0.0973596 0.0973596 2 2 3
0.604538 0.0973503 0.0973503 2 2 3
0.60499 0.097341 0.097341 2 2 3
0.605441 0.0973316 0.0973316 2 2 3
0.605893 0.0973222 0.0973222 2 2 3
0.606346 0.0973129 0.0973129 2 2 3
0.606798 0.0973035 0.0973035 2 2 3
0.60725 0.0972941 0.0972941 2 2 3
0.607702 0.0972847 0.0972847 2 2 3
0.608155 0.0972752 0.0972752 2 2 3
0.608607 0.0972658 0.0972658 2 2 3
0.60906 0.0972564 0.0972564 2 2 3
0.609512 0.0972469 0.0972469 2 2 3
0.609965 0.0972374 0.0972374 2 2 3
0.610418 0.097228 0.097228 2 2 3
0.610871 0.0972185 0.0972185 2 2 3
0.611324 0.097209 0.097209 2 2 3
0.611777 0.0971995 0.0971995 2 2 3
0.61223 0.09719 0.09719 2 2 3
0.612683 0.0971804 0.0971804 2 2 3
0.613136 0.0971709 0.0971709 2 2 3
0.613589 0.0971613 0.0971613 2 2 3
0.614043 0.0971518 0.0971518 2 2 3
0.614496 0.0971422 0.0971422 2 2 3
0.61495 0.0971326 0.0971326 2 2 3
0.615403 0.097123 0.097123 2 2 3
0.615857 0.0971134 0.0971134 2 2 3
0.616311 0.0971038 0.0971038 2 2 3
0.616765 0.0970942 0.0970942 2 2 3
0.617219 0.0970845 0.0970845 2 2 3
0.617673 0.0970749 0.0970749 2 2 3
0.618127 0.0970652 0.0970652 2 2 3
0.618581 0.0970555 0.0970555 2 2 3
0.619035 0.0970459 0.0970459 2 2 3
0.619489 0.0970362 0.0970362 2 2 3
0.619944 0.0970265 0.0970265 2 2 3
0.620398 0.0970167 0.0970167 2 2 3
0.620853 0.097007 0.097007 2 2 3
0.621307 0.0969973 0.0969973 2 2 3
0.621762 0.0969875 0.0969875 2 2 3
0.622217 0.0969778 0.0969778 2 2 3
0.622671 0.096968 0.096968 2 2 3
0.623126 0.0969582 0.0969582 2 2 3
0.623581 0.0969484 0.0969484 2 2 3
0.624036 0.0969386 0.0969386 2 2 3
0.624491 0.0969288 0.0969288 2 2 3
0.624946 0.096919 0.096919 2 2 3
0.625402 0.0969092 0.0969092 2 2 3
0.625857 0.0968993 0.0968993 2 2 3
0.626312 0.0968894 0.0968894 2 2 3
0.626768 0.0968796 0.0968796 2 2 3
0.627223 0.0968697 0.0968697 2 2 3
0.627679 0.0968598 0.0968598 2 2 3
0.628135 0.0968499 0.0968499 2 2 3
0.62859 0.09684 0.09684 2 2 3
0.629046 0.0968301 0.0968301 2 2 3
0.629502 0.0968201 0.0968201 2 2 3
0.629958 0.0968102 0.0968102 2 2 3
0.630414 0.0968003 0.0968003 2 2 3
0.63087 0.0967903 0.0967903 2 2 3
0.631326 0.0967803 0.0967803 2 2 3
0.631782 0.0967703 0.0967703 2 2 3
0.632239 0.0967603 0.0967603 2 2 3
0.632695 0.0967503 0.0967503 2 2 3
0.633151 0.0967403 0.0967403 2 2 3
0.633608 0.0967303 0.0967303 2 2 3
0.634065 0.0967202 0.0967202 2 2 3
0.634521 0.0967102 0.0967102 2 2 3
0.634978 0.0967001 0.0967001 2 2 3
0.635435 0.0966901 0.0966901 2 2 3
0.635892 0.09668 0.09668 2 2 3
0.636348 0.0966699 0.0966699 2 2 3
0.636805 0.0966598 0.0966598 2 2 3
0.637263 0.0966497 0.0966497 2 2 3
0.63772 0.0966395 0.0966395 2 2 3
0.638177 0.0966294 0.0966294 2 2 3
0.638634 0.0966193 0.0966193 2 2 3
0.639092 0.0966091 0.0966091 2 2 3
0.639549 0.0965989 0.0965989 2 2 3
0.640006 0.0965887 0.0965887 2 2 3
0.640464 0.0965786 0.0965786 2 2 3
0.640922 0.0965684 0.0965684 2 2 3
0.641379 0.0965581 0.0965581 2 2 3
0.641837 0.0965479 0.0965479 2 2 3
0.642295 0.0965377 0.0965377 2 2 3
0.642753 0.0965275 0.0965275 2 2 3
0.643211 0.0965172 0.0965172 2 2 3
0.643669 0.0965069 0.0965069 2 2 3
0.644127 0.0964967 0.0964967 2 2 3
0.644585 0.0964864 0.0964864 2 2 3
0.645043 0.0964761 0.0964761 2 2 3
0.645501 0.0964658 0.0964658 2 2 3
0.64596 0.0964555 0.0964555 2 2 3
0.646418 0.0964451 0.0964451 2 2 3
0.646877 0.0964348 0.0964348 2 2 3
0.647335 0.0964245 0.0964245 2 2 3
0.647794 0.0964141 0.0964141 2 2 3
0.648253 0.0964037 0.0964037 2 2 3
0.648711 0.0963933 0.0963933 2 2 3
0.64917 0.096383 0.096383 2 2 3
0.649629 0.0963726 0.0963726 2 2 3
0.650088 0.0963621 0.0963621 2 2 3
0.650547 0.0963517 0.0963517 2 2 3
0.651006 0.0963413 0.0963413 2 2 3
0.651465 0.0963309 0.0963309 2 2 3
0.651925 0.0963204 0.0963204 2 2 3
0.652384 0.0963099 0.0963099 2 2 3
0.652843 0.0962995 0.0962995 2 2 3
0.653303 0.096289 0.096289 2 2 3
0.653762 0.0962785 0.0962785 2 2 3
0.654222 0.096268 0.096268 2 2 3
0.654681 0.0962575 0.0962575 2 2 3
0.655141 0.0962469 0.0962469 2 2 3
0.655601 0.0962364 0.0962364 2 2 3
0.656061 0.0962259 0.0962259 2 2 3
0.65652 0.0962153 0.0962153 2 2 3
0.65698 0.0962047 0.0962047 2 2 3
0.65744 0.0961942 0.0961942 2 2 3
0.6579 0.0961836 0.0961836 2 2 3
0.658361 0.096173 0.096173 2 2 3
0.658821 0.0961624 0.0961624 2 2 3
0.659281 0.0961517 0.0961517 2 2 3
0.659741 0.0961411 0.0961411 2 2 3
0.660202 0.0961305 0.0961305 2 2 3
0.660662 0.0961198 0.0961198 2 2 3
0.661123 0.0961092 0.0961092 2 2 3
0.661583 0.0960985 0.0960985 2 2 3
0.662044 0.0960878 0.0960878 2 2 3
0.662505 0.0960771 0.0960771 2 2 3
0.662965 0.0960664 0.0960664 2 2 3
0.663426 0.0960557 0.0960557 2 2 3
0.663887 0.096045 0.096045 2 2 3
0.664348 0.0960343 0.0960343 2 2 3
0.664809 0.0960235 0.0960235 2 2 3
0.66527 0.0960128 0.0960128 2 2 3
0.665731 0.096002 0.096002 2 2 3
0.666193 0.0959912 0.0959912 2 2 3
0.666654 0.0959804 0.0959804 2 2 3
0.667115 0.0959696 0.0959696 2 2 3
0.667577 0.0959588 0.0959588 2 2 3
0.668038 0.095948 0.095948 2 2 3
0.6685 0.0959372 0.0959372 2 2 3
0.668961 0.0959264 0.0959264 2 2 3
0.669423 0.0959155 0.0959155 2 2 3
0.669884 0.0959047 0.0959047 2 2 3
0.670346 0.0958938 0.0958938 2 2 3
0.670808 0.0958829 0.0958829 2 2 3
0.67127 0.095872 0.095872 2 2 3
0.671732 0.0958611 0.0958611 2 2 3
0.672194 0.0958502 0.0958502 2 2 3
0.672656 0.0958393 0.0958393 2 2 3
0.673118 0.0958284 0.0958284 2 2 3
0.67358 0.0958174 0.0958174 2 2 3
0.674043 0.0958065 0.0958065 2 2 3
0.674505 0.0957955 0.0957955 2 2 3
0.674967 0.0957846 0.0957846 2 2 3
0.67543 0.0957736 0.0957736 2 2 3
0.675892 0.0957626 0.0957626 2 2 3
0.676355 0.0957516 0.0957516 2 2 3
0.676817 0.0957406 0.0957406 2 2 3
0.67728 0.0957296 0.0957296 2 2 3
0.677743 0.0957186 0.0957186 2 2 3
0.678206 0.0957075 0.0957075 2 2 3
0.678668 0.0956965 0.0956965 2 2 3
0.679131 0.0956854 0.0956854 2 2 3
0.679594 0.0956744 0.0956744 2 2 3
0.680057 0.0956633 0.0956633 2 2 3
0.680521 0.0956522 0.0956522 2 2 3
0.680984 0.0956411 0.0956411 2 2 3
0.681447 0.09563 0.09563 2 2 3
0.68191 0.0956189 0.0956189 2 2 3
0.682373 0.0956077 0.0956077 2 2 3
0.682837 0.0955966 0.0955966 2 2 3
0.6833 0.0955854 0.0955854 2 2 3
0.683764 0.0955743 0.0955743 2 2 3
0.684227 0.0955631 0.0955631 2 2 3
0.684691 0.0955519 0.0955519 2 2 3
0.685155 0.0955408 0.0955408 2 2 3
0.685618 0.0955296 0.0955296 2 2 3
0.686082 0.0955183 0.0955183 2 2 3
0.686546 0.0955071 0.0955071 2 2 3
0.68701 0.0954959 0.0954959 2 2 3
0.687474 0.0954847 0.0954847 2 2 3
0.687938 0.0954734 0.0954734 2 2 3
0.688402 0.0954622 0.0954622 2 2 3
0.688866 0.0954509 0.0954509 2 2 3
0.68933 0.0954396 0.0954396 2 2 3
0.689795 0.0954283 0.0954283 2 2 3
0.690259 0.095417 0.095417 2 2 3
0.690723 0.0954057 0.0954057 2 2 3
0.691188 0.0953944 0.0953944 2 2 3
0.691652 0.0953831 0.0953831 2 2 3
0.692117 0.0953717 0.0953717 2 2 3
0.692582 0.0953604 0.0953604 2 2 3
0.693046 0.095349 0.095349 2 2 3
0.693511 0.0953377 0.0953377 2 2 3
0.693976 0.0953263 0.0953263 2 2 3
0.694441 0.0953149 0.0953149 2 2 3
0.694905 0.0953035 0.0953035 2 2 3
0.69537 0.0952921 0.0952921 2 2 3
0.695835 0.0952807 0.0952807 2 2 3
0.6963 0.0952693 0.0952693 2 2 3
0.696765 0.0952578 0.0952578 2 2 3
0.697231 0.0952464 0.0952464 2 2 3
0.697696 0.0952349 0.0952349 2 2 3
0.698161 0.0952235 0.0952235 2 2 3
0.698626 0.095212 0.095212 2 2 3
0.699092 0.0952005 0.0952005 2 2 3
0.699557 0.095189 0.095189 2 2 3
0.700023 0.0951775 0.0951775 2 2 3
0.700488 0.095166 0.095166 2 2 3
0.700954 0.0951545 0.0951545 2 2 3
0.70142 0.095143 0.095143 2 2 3
0.701885 0.0951314 0.0951314 2 2 3
0.702351 0.0951199 0.0951199 2 2 3
0.702817 0.0951083 0.0951083 2 2 3
0.703283 0.0950967 0.0950967 2 2 3
0.703749 0.0950852 0.0950852 2 2 3
0.704215 0.0950736 0.0950736 2 2 3
0.704681 0.095062 0.095062 2 2 3
0.705147 0.0950504 0.0950504 2 2 3
0.705613 0.0950387 0.0950387 2 2 3
0.706079 0.0950271 0.0950271 2 2 3
0.706546 0.0950155 0.0950155 2 2 3
0.707012 0.0950038 0.0950038 2 2 3
0.707478 0.0949922 0.0949922 2 2 3
0.707945 0.0949805 0.0949805 2 2 3
0.708411 0.0949688 0.0949688 2 2 3
0.708878 0.0949571 0.0949571 2 2 3
0.709344 0.0949454 0.0949454 2 2 3
0.709811 0.0949337 0.0949337 2 2 3
0.710278 0.094922 0.094922 2 2 3
0.710744 0.0949103 0.0949103 2 2 3
0.711211 0.0948986 0.0948986 2 2 3
0.711678 0.0948868 0.0948868 2 2 3
0.712145 0.0948751 0.0948751 2 2 3
0.712612 0.0948633 0.0948633 2 2 3
0.713079 0.0948516 0.0948516 2 2 3
0.713546 0.0948398 0.0948398 2 2 3
0.714013 0.094828 0.094828 2 2 3
0.71448 0.0948162 0.0948162 2 2 3
0.714947 0.0948044 0.0948044 2 2 3
0.715415 0.0947926 0.0947926 2 2 3
0.715882 0.0947807 0.0947807 2 2 3
0.716349 0.0947689 0.0947689 2 2 3
0.716817 0.094757 0.094757 2 2 3
0.717284 0.0947452 0.0947452 2 2 3
0.717752 0.0947333 0.0947333 2 2 3
0.718219 0.0947215 0.0947215 2 2 3
0.718687 0.0947096 0.0947096 2 2 3
0.719155 0.0946977 0.0946977 2 2 3
0.719622 0.0946858 0.0946858 2 2 3
0.72009 0.0946739 0.0946739 2 2 3
0.720558 0.0946619 0.0946619 2 2 3
0.721026 0.09465 0.09465 2 2 3
0.721494 0.0946381 0.0946381 2 2 3
0.721962 0.0946261 0.0946261 2 2 3
0.72243 0.0946142 0.0946142 2 2 3
0.722898 0.0946022 0.0946022 2 2 3
0.723366 0.0945902 0.0945902 2 2 3
0.723834 0.0945782 0.0945782 2 2 3
0.724303 0.0945662 0.0945662 2 2 3
0.724771 0.0945542 0.0945542 2 2 3
0.725239 0.0945422 0.0945422 2 2 3
0.725708 0.0945302 0.0945302 2 2 3
0.726176 0.0945182 0.0945182 2 2 3
0.726645 0.0945061 0.0945061 2 2 3
0.727113 0.0944941 0.0944941 2 2 3
0.727582 0.094482 0.094482 2 2 3
0.72805 0.0944699 0.0944699 2 2 3
0.728519 0.0944579 0.0944579 2 2 3
0.728988 0.0944458 0.0944458 2 2 3
0.729457 0.0944337 0.0944337 2 2 3
0.729926 0.0944216 0.0944216 2 2 3
0.730394 0.0944095 0.0944095 2 2 3
0.730863 0.0943973 0.0943973 2 2 3
0.731332 0.0943852 0.0943852 2 2 3
0.731801 0.0943731 0.0943731 2 2 3
0.732271 0.0943609 0.0943609 2 2 3
0.73274 0.0943488 0.0943488 2 2 3
0.733209 0.0943366 0.0943366 2 2 3
0.733678 0.0943244 0.0943244 2 2 3
0.734147 0.0943122 0.0943122 2 2 3
0.734617 0.0943 0.0943 2 2 3
0.735086 0.0942878 0.0942878 2 2 3
0.735556 0.0942756 0.0942756 2 2 3
0.736025 0.0942634 0.0942634 2 2 3
0.736495 0.0942511 0.0942511 2 2 3
0.736964 0.0942389 0.0942389 2 2 3
0.737434 0.0942267 0.0942267 2 2 3
0.737903 0.0942144 0.0942144 2 2 3
0.738373 0.0942021 0.0942021 2 2 3
0.738843 0.0941898 0.0941898 2 2 3
0.739313 0.0941776 0.0941776 2 2 3
0.739783 0.0941653 0.0941653 2 2 3
0.740253 0.094153 0.094153 2 2 3
0.740723 0.0941407 0.0941407 2 2 3
0.741193 0.0941283 0.0941283 2 2 3
0.741663 0.094116 0.094116 2 2 3
0.742133 0.0941037 0.0941037 2 2 3
0.742603 0.0940913 0.0940913 2 2 3
0.743073 0.0940789 0.0940789 2 2 3
0.743543 0.0940666 0.0940666 2 2 3
0.744014 0.0940542 0.0940542 2 2 3
0.744484 0.0940418 0.0940418 2 2 3
0.744954 0.0940294 0.0940294 2 2 3
0.745425 0.094017 0.094017 2 2 3
0.745895 0.0940046 0.0940046 2 2 3
0.746366 0.0939922 0.0939922 2 2 3
0.746836 0.0939798 0.0939798 2 2 3
0.747307 0.0939673 0.0939673 2 2 3
0.747778 0.0939549 0.0939549 2 2 3
0.748248 0.0939424 0.0939424 2 2 3
0.748719 0.09393 0.09393 2 2 3
0.74919 0.0939175 0.0939175 2 2 3
0.749661 0.093905 0.093905 2 2 3
0.750132 0.0938925 0.0938925 2 2 3
0.750603 0.09388 0.09388 2 2 3
0.751074 0.0938675 0.0938675 2 2 3
0.751545 0.093855 0.093855 2 2 3
0.752016 0.0938425 0.0938425 2 2 3
0.752487 0.0938299 0.0938299 2 2 3
0.752958 0.0938174 0.0938174 2 2 3
0.753429 0.0938048 0.0938048 2 2 3
0.753901 0.0937923 0.0937923 2 2 3
0.754372 0.0937797 0.0937797 2 2 3
0.754843 0.0937671 0.0937671 2 2 3
0.755315 0.0937546 0.0937546 2 2 3
0.755786 0.093742 0.093742 2 2 3
0.756258 0.0937294 0.0937294 2 2 3
0.756729 0.0937167 0.0937167 2 2 3
0.757201 0.0937041 0.0937041 2 2 3
0.757672 0.0936915 0.0936915 2 2 3
0.758144 0.0936789 0.0936789 2 2 3
0.758616 0.0936662 0.0936662 2 2 3
0.759087 0.0936536 0.0936536 2 2 3
0.759559 0.0936409 0.0936409 2 2 3
0.760031 0.0936282 0.0936282 2 2 3
0.760503 0.0936155 0.0936155 2 2 3
0.760975 0.0936029 0.0936029 2 2 3
0.761447 0.0935902 0.0935902 2 2 3
0.761919 0.0935774 0.0935774 2 2 3
0.762391 0.0935647 0.0935647 2 2 3
0.762863 0.093552 0.093552 2 2 3
0.763335 0.0935393 0.0935393 2 2 3
0.763807 0.0935265 0.0935265 2 2 3
0.76428 0.0935138 0.0935138 2 2 3
0.764752 0.093501 0.093501 2 2 3
0.765224 0.0934883 0.0934883 2 2 3
0.765697 0.0934755 0.0934755 2 2 3
0.766169 0.0934627 0.0934627 2 2 3
0.766642 0.0934499 0.0934499 2 2 3
0.767114 0.0934371 0.0934371 2 2 3
0.767587 0.0934243 0.0934243 2 2 3
0.768059 0.0934115 0.0934115 2 2 3
0.768532 0.0933987 0.0933987 2 2 3
0.769005 0.0933858 0.0933858 2 2 3
0.769477 0.093373 0.093373 2 2 3
0.76995 0.0933602 0.0933602 2 2 3
0.770423 0.0933473 0.0933473 2 2 3
0.770896 0.0933344 0.0933344 2 2 3
0.771369 0.0933216 0.0933216 2 2 3
0.771842 0.0933087 0.0933087 2 2 3
0.772314 0.0932958 0.0932958 2 2 3
0.772788 0.0932829 0.0932829 2 2 3
0.773261 0.09327 0.09327 2 2 3
0.773734 0.0932571 0.0932571 2 2 3
0.774207 0.0932441 0.0932441 2 2 3
0.77468 0.0932312 0.0932312 2 2 3
0.775153 0.0932183 0.0932183 2 2 3
0.775627 0.0932053 0.0932053 2 2 3
0.7761 0.0931924 0.0931924 2 2 3
0.776573 0.0931794 0.0931794 2 2 3
0.777047 0.0931664 0.0931664 2 2 3
0.77752 0.0931534 0.0931534 2 2 3
0.777993 0.0931405 0.0931405 2 2 3
0.778467 0.0931275 0.0931275 2 2 3
0.778941 0.0931145 0.0931145 2 2 3
0.779414 0.0931014 0.0931014 2 2 3
0.779888 0.0930884 0.0930884 2 2 3
0.780361 0.0930754 0.0930754 2 2 3
0.780835 0.0930624 0.0930624 2 2 3
0.781309 0.0930493 0.0930493 2 2 3
0.781783 0.0930362 0.0930362 2 2 3
0.782257 0.0930232 0.0930232 2 2 3
0.782731 0.0930101 0.0930101 2 2 3
0.783204 0.092997 0.092997 2 2 3
0.783678 0.092984 0.092984 2 2 3
0.784152 0.0929709 0.0929709 2 2 3
0.784627 0.0929578 0.0929578 2 2 3
0.785101 0.0929446 0.0929446 2 2 3
0.785575 0.0929315 0.0929315 2 2 3
0.786049 0.0929184 0.0929184 2 2 3
0.786523 0.0929053 0.0929053 2 2 3
0.786997 0.0928921 0.0928921 2 2 3
0.787472 0.092879 0.092879 2 2 3
0.787946 0.0928658 0.0928658 2 2 3
0.78842 0.0928526 0.0928526 2 2 3
0.788895 0.0928395 0.0928395 2 2 3
0.789369 0.0928263 0.0928263 2 2 3
0.789844 0.0928131 0.0928131 2 2 3
0.790318 0.0927999 0.0927999 2 2 3
0.790793 0.0927867 0.0927867 2 2 3
0.791267 0.0927735 0.0927735 2 2 3
0.791742 0.0927603 0.0927603 2 2 3
0.792217 0.092747 0.092747 2 2 3
0.792692 0.0927338 0.0927338 2 2 3
0.793166 0.0927205 0.0927205 2 2 3
0.793641 0.0927073 0.0927073 2 2 3
0.794116 0.092694 0.092694 2 2 3
0.794591 0.0926808 0.0926808 2 2 3
0.795066 0.0926675 0.0926675 2 2 3
0.795541 0.0926542 0.0926542 2 2 3
0.796016 0.0926409 0.0926409 2 2 3
0.796491 0.0926276 0.0926276 2 2 3
0.796966 0.0926143 0.0926143 2 2 3
0.797441 0.092601 0.092601 2 2 3
0.797916 0.0925877 0.0925877 2 2 3
0.798391 0.0925743 0.0925743 2 2 3
0.798867 0.092561 0.092561 2 2 3
0.799342 0.0925476 0.0925476 2 2 3
0.799817 0.0925343 0.0925343 2 2 3
0.800293 0.0925209 0.0925209 2 2 3
0.800768 0.0925076 0.0925076 2 2 3
0.801243 0.0924942 0.0924942 2 2 3
0.801719 0.0924808 0.0924808 2 2 3
0.802194 0.0924674 0.0924674 2 2 3
0.80267 0.092454 0.092454 2 2 3
0.803145 0.0924406 0.0924406 2 2 3
0.803621 0.0924272 0.0924272 2 2 3
0.804097 0.0924138 0.0924138 2 2 3
0.804572 0.0924003 0.0924003 2 2 3
0.805048 0.0923869 0.0923869 2 2 3
0.805524 0.0923734 0.0923734 2 2 3
0.806 0.09236 0.09236 2 2 3
0.806476 0.0923465 0.0923465 2 2 3
0.806951 0.0923331 0.0923331 2 2 3
0.807427 0.0923196 0.0923196 2 2 3
0.807903 0.0923061 0.0923061 2 2 3
0.808379 0.0922926 0.0922926 2 2 3
0.808855 0.0922791 0.0922791 2 2 3
0.809331 0.0922656 0.0922656 2 2 3
0.809808 0.0922521 0.0922521 2 2 3
0.810284 0.0922386 0.0922386 2 2 3
0.81076 0.092225 0.092225 2 2 3
0.811236 0.0922115 0.0922115 2 2 3
0.811712 0.092198 0.092198 2 2 3
0.812189 0.0921844 0.0921844 2 2 3
0.812665 0.0921709 0.0921709 2 2 3
0.813141 0.0921573 0.0921573 2 2 3
0.813618 0.0921437 0.0921437 2 2 3
0.814094 0.0921301 0.0921301 2 2 3
0.814571 0.0921165 0.0921165 2 2 3
0.815047 0.0921029 0.0921029 2 2 3
0.815524 0.0920893 0.0920893 2 2 3
0.816 0.0920757 0.0920757 2 2 3
0.816477 0.0920621 0.0920621 2 2 3
0.816954 0.0920485 0.0920485 2 2 3
0.81743 0.0920349 0.0920349 2 2 3
0.817907 0.0920212 0.0920212 2 2 3
0.818384 0.0920076 0.0920076 2 2 3
0.81886 0.0919939 0.0919939 2 2 3
0.819337 0.0919803 0.0919803 2 2 3
0.819814 0.0919666 0.0919666 2 2 3
0.820291 0.0919529 0.0919529 2 2 3
0.820768 0.0919392 0.0919392 2 2 3
0.821245 0.0919255 0.0919255 2 2 3
0.821722 0.0919118 0.0919118 2 2 3
0.822199 0.0918981 0.0918981 2 2 3
0.822676 0.0918844 0.0918844 2 2 3
0.823153 0.0918707 0.0918707 2 2 3
0.82363 0.091857 0.091857 2 2 3
0.824108 0.0918432 0.0918432 2 2 3
0.824585 0.0918295 0.0918295 2 2 3
0.825062 0.0918158 0.0918158 2 2 3
0.825539 0.091802 0.091802 2 2 3
0.826017 0.0917882 0.0917882 2 2 3
0.826494 0.0917745 0.0917745 2 2 3
0.826971 0.0917607 0.0917607 2 2 3
0.827449 0.0917469 0.0917469 2 2 3
0.827926 0.0917331 0.0917331 2 2 3
0.828404 0.0917193 0.0917193 2 2 3
0.828881 0.0917055 0.0917055 2 2 3
0.829359 0.0916917 0.0916917 2 2 3
0.829837 0.0916779 0.0916779 2 2 3
0.830314 0.0916641 0.0916641 2 2 3
0.830792 0.0916502 0.0916502 2 2 3
0.83127 0.0916364 0.0916364 2 2 3
0.831747 0.0916226 0.0916226 2 2 3
0.832225 0.0916087 0.0916087 2 2 3
0.832703 0.0915948 0.0915948 2 2 3
0.833181 0.091581 0.091581 2 2 3
0.833659 0.0915671 0.0915671 2 2 3
0.834136 0.0915532 0.0915532 2 2 3
0.834614 0.0915393 0.0915393 2 2 3
0.835092 0.0915254 0.0915254 2 2 3
0.83557 0.0915115 0.0915115 2 2 3
0.836048 0.0914976 0.0914976 2 2 3
0.836527 0.0914837 0.0914837 2 2 3
0.837005 0.0914698 0.0914698 2 2 3
0.837483 0.0914558 0.0914558 2 2 3
0.837961 0.0914419 0.0914419 2 2 3
0.838439 0.091428 0.091428 2 2 3
0.838917 0.091414 0.091414 2 2 3
0.839396 0.0914001 0.0914001 2 2 3
0.839874 0.0913861 0.0913861 2 2 3
0.840352 0.0913721 0.0913721 2 2 3
0.840831 0.0913581 0.0913581 2 2 3
0.841309 0.0913442 0.0913442 2 2 3
0.841788 0.0913302 0.0913302 2 2 3
0.842266 0.0913162 0.0913162 2 2 3
0.842745 0.0913022 0.0913022 2 2 3
0.843223 0.0912882 0.0912882 2 2 3
0.843702 0.0912741 0.0912741 2 2 3
0.84418 0.0912601 0.0912601 2 2 3
0.844659 0.0912461 0.0912461 2 2 3
0.845138 0.091232 0.091232 2 2 3
0.845616 0.091218 0.091218 2 2 3
0.846095 0.091204 0.091204 2 2 3
0.846574 0.0911899 0.0911899 2 2 3
0.847053 0.0911758 0.0911758 2 2 3
0.847531 0.0911618 0.0911618 2 2 3
0.84801 0.0911477 0.0911477 2 2 3
0.848489 0.0911336 0.0911336 2 2 3
0.848968 0.0911195 0.0911195 2 2 3
0.849447 0.0911054 0.0911054 2 2 3
0.849926 0.0910913 0.0910913 2 2 3
0.850405 0.0910772 0.0910772 2 2 3
0.850884 0.0910631 0.0910631 2 2 3
0.851363 0.0910489 0.0910489 2 2 3
0.851842 0.0910348 0.0910348 2 2 3
0.852322 0.0910207 0.0910207 2 2 3
0.852801 0.0910065 0.0910065 2 2 3
0.85328 0.0909924 0.0909924 2 2 3
0.853759 0.0909782 0.0909782 2 2 3
0.854238 0.0909641 0.0909641 2 2 3
0.854718 0.0909499 0.0909499 2 2 3
0.855197 0.0909357 0.0909357 2 2 3
0.855676 0.0909215 0.0909215 2 2 3
0.856156 0.0909073 0.0909073 2 2 3
0.856635 0.0908931 0.0908931 2 2 3
0.857115 0.0908789 0.0908789 2 2 3
0.857594 0.0908647 0.0908647 2 2 3
0.858074 0.0908505 0.0908505 2 2 3
0.858553 0.0908363 0.0908363 2 2 3
0.859033 0.0908221 0.0908221 2 2 3
0.859513 0.0908078 0.0908078 2 2 3
0.859992 0.0907936 0.0907936 2 2 3
0.860472 0.0907793 0.0907793 2 2 3
0.860952 0.0907651 0.0907651 2 2 3
0.861431 0.0907508 0.0907508 2 2 3
0.861911 0.0907366 0.0907366 2 2 3
0.862391 0.0907223 0.0907223 2 2 3
0.862871 0.090708 0.090708 2 2 3
0.863351 0.0906937 0.0906937 2 2 3
0.863831 0.0906794 0.0906794 2 2 3
0.864311 0.0906651 0.0906651 2 2 3
0.86479 0.0906508 0.0906508 2 2 3
0.86527 0.0906365 0.0906365 2 2 3
0.86575 0.0906222 0.0906222 2 2 3
0.866231 0.0906079 0.0906079 2 2 3
0.866711 0.0905936 0.0905936 2 2 3
0.867191 0.0905792 0.0905792 2 2 3
0.867671 0.0905649 0.0905649 2 2 3
0.868151 0.0905505 0.0905505 2 2 3
0.868631 0.0905362 0.0905362 2 2 3
0.869111 0.0905218 0.0905218 2 2 3
0.869592 0.0905075 0.0905075 2 2 3
0.870072 0.0904931 0.0904931 2 2 3
0.870552 0.0904787 0.0904787 2 2 3
0.871033 0.0904643 0.0904643 2 2 3
0.871513 0.0904499 0.0904499 2 2 3
0.871993 0.0904355 0.0904355 2 2 3
0.872474 0.0904211 0.0904211 2 2 3
0.872954 0.0904067 0.0904067 2 2 3
0.873435 0.0903923 0.0903923 2 2 3
0.873915 0.0903779 0.0903779 2 2 3
0.874396 0.0903635 0.0903635 2 2 3
0.874877 0.090349 0.090349 2 2 3
0.875357 0.0903346 0.0903346 2 2 3
0.875838 0.0903202 0.0903202 2 2 3
0.876318 0.0903057 0.0903057 2 2 3
0.876799 0.0902912 0.0902912 2 2 3
0.87728 0.0902768 0.0902768 2 2 3
0.877761 0.0902623 0.0902623 2 2 3
0.878241 0.0902478 0.0902478 2 2 3
0.878722 0.0902334 0.0902334 2 2 3
0.879203 0.0902189 0.0902189 2 2 3
0.879684 0.0902044 0.0902044 2 2 3
0.880165 0.0901899 0.0901899 2 2 3
0.880646 0.0901754 0.0901754 2 2 3
0.881127 0.0901609 0.0901609 2 2 3
0.881608 0.0901463 0.0901463 2 2 3
0.882089 0.0901318 0.0901318 2 2 3
0.88257 0.0901173 0.0901173 2 2 3
0.883051 0.0901028 0.0901028 2 2 3
0.883532 0.0900882 0.0900882 2 2 3
0.884013 0.0900737 0.0900737 2 2 3
0.884494 0.0900591 0.0900591 2 2 3
0.884975 0.0900446 0.0900446 2 2 3
0.885457 0.09003 0.09003 2 2 3
0.885938 0.0900154 0.0900154 2 2 3
0.886419 0.0900009 0.0900009 2 2 3
0.8869 0.0899863 0.0899863 2 2 3
0.887382 0.0899717 0.0899717 2 2 3
0.887863 0.0899571 0.0899571 2 2 3
0.888345 0.0899425 0.0899425 2 2 3
0.888826 0.0899279 0.0899279 2 2 3
0.889307 0.0899133 0.0899133 2 2 3
0.889789 0.0898987 0.0898987 2 2 3
0.89027 0.0898841 0.0898841 2 2 3
0.890752 0.0898694 0.0898694 2 2 3
0.891233 0.0898548 0.0898548 2 2 3
0.891715 0.0898402 0.0898402 2 2 3
0.892197 0.0898255 0.0898255 2 2 3
0.892678 0.0898109 0.0898109 2 2 3
0.89316 0.0897962 0.0897962 2 2 3
0.893642 0.0897816 0.0897816 2 2 3
0.894123 0.0897669 0.0897669 2 2 3
0.894605 0.0897522 0.0897522 2 2 3
0.895087 0.0897376 0.0897376 2 2 3
0.895569 0.0897229 0.0897229 2 2 3
0.89605 0.0897082 0.0897082 2 2 3
0.896532 0.0896935 0.0896935 2 2 3
0.897014 0.0896788 0.0896788 2 2 3
0.897496 0.0896641 0.0896641 2 2 3
0.897978 0.0896494 0.0896494 2 2 3
0.89846 0.0896347 0.0896347 2 2 3
0.898942 0.08962 0.08962 2 2 3
0.899424 0.0896052 0.0896052 2 2 3
0.899906 0.0895905 0.0895905 2 2 3
0.900388 0.0895758 0.0895758 2 2 3
0.90087 0.089561 0.089561 2 2 3
0.901352 0.0895463 0.0895463 2 2 3
0.901834 0.0895315 0.0895315 2 2 3
0.902317 0.0895168 0.0895168 2 2 3
0.902799 0.089502 0.089502 2 2 3
0.903281 0.0894872 0.0894872 2 2 3
0.903763 0.0894724 0.0894724 2 2 3
0.904246 0.0894577 0.0894577 2 2 3
0.904728 0.0894429 0.0894429 2 2 3
0.90521 0.0894281 0.0894281 2 2 3
0.905692 0.0894133 0.0894133 2 2 3
0.906175 0.0893985 0.0893985 2 2 3
0.906657 0.0893837 0.0893837 2 2 3
0.90714 0.0893689 0.0893689 2 2 3
0.907622 0.0893541 0.0893541 2 2 3
0.908105 0.0893392 0.0893392 2 2 3
0.908587 0.0893244 0.0893244 2 2 3
0.90907 0.0893096 0.0893096 2 2 3
0.909552 0.0892947 0.0892947 2 2 3
0.910035 0.0892799 0.0892799 2 2 3
0.910517 0.089265 0.089265 2 2 3
0.911 0.0892502 0.0892502 2 2 3
0.911483 0.0892353 0.0892353 2 2 3
0.911965 0.0892205 0.0892205 2 2 3
0.912448 0.0892056 0.0892056 2 2 3
0.912931 0.0891907 0.0891907 2 2 3
0.913414 0.0891758 0.0891758 2 2 3
0.913896 0.089161 0.089161 2 2 3
0.914379 0.0891461 0.0891461 2 2 3
0.914862 0.0891312 0.0891312 2 2 3
0.915345 0.0891163 0.0891163 2 2 3
0.915828 0.0891014 0.0891014 2 2 3
0.916311 0.0890865 0.0890865 2 2 3
0.916794 0.0890715 0.0890715 2 2 3
0.917277 0.0890566 0.0890566 2 2 3
0.91776 0.0890417 0.0890417 2 2 3
0.918243 0.0890268 0.0890268 2 2 3
0.918726 0.0890118 0.0890118 2 2 3
0.919209 0.0889969 0.0889969 2 2 3
0.919692 0.0889819 0.0889819 2 2 3
0.920175 0.088967 0.088967 2 2 3
0.920658 0.088952 0.088952 2 2 3
0.921141 0.0889371 0.0889371 2 2 3
0.921625 0.0889221 0.0889221 2 2 3
0.922108 0.0889071 0.0889071 2 2 3
0.922591 0.0888922 0.0888922 2 2 3
0.923074 0.0888772 0.0888772 2 2 3
0.923558 0.0888622 0.0888622 2 2 3
0.924041 0.0888472 0.0888472 2 2 3
0.924524 0.0888322 0.0888322 2 2 3
0.925008 0.0888172 0.0888172 2 2 3
0.925491 0.0888022 0.0888022 2 2 3
0.925974 0.0887872 0.0887872 2 2 3
0.926458 0.0887722 0.0887722 2 2 3
0.926941 0.0887572 0.0887572 2 2 3
0.927425 0.0887421 0.0887421 2 2 3
0.927908 0.0887271 0.0887271 2 2 3
0.928392 0.0887121 0.0887121 2 2 3
0.928875 0.088697 0.088697 2 2 3
0.929359 0.088682 0.088682 2 2 3
0.929843 0.0886669 0.0886669 2 2 3
0.930326 0.0886519 0.0886519 2 2 3
0.93081 0.0886368 0.0886368 2 2 3
0.931294 0.0886218 0.0886218 2 2 3
0.931777 0.0886067 0.0886067 2 2 3
0.932261 0.0885916 0.0885916 2 2 3
0.932745 0.0885765 0.0885765 2 2 3
0.933229 0.0885615 0.0885615 2 2 3
0.933712 0.0885464 0.0885464 2 2 3
0.934196 0.0885313 0.0885313 2 2 3
0.93468 0.0885162 0.0885162 2 2 3
0.935164 0.0885011 0.0885011 2 2 3
0.935648 0.088486 0.088486 2 2 3
0.936132 0.0884709 0.0884709 2 2 3
0.936616 0.0884557 0.0884557 2 2 3
0.9371 0.0884406 0.0884406 2 2 3
0.937584 0.0884255 0.0884255 2 2 3
0.938068 0.0884104 0.0884104 2 2 3
0.938552 0.0883952 0.0883952 2 2 3
0.939036 0.0883801 0.0883801 2 2 3
0.93952 0.088365 0.088365 2 2 3
0.940004 0.0883498 0.0883498 2 2 3
0.940488 0.0883347 0.0883347 2 2 3
0.940972 0.0883195 0.0883195 2 2 3
0.941456 0.0883043 0.0883043 2 2 3
0.941941 0.0882892 0.0882892 2 2 3
0.942425 0.088274 0.088274 2 2 3
0.942909 0.0882588 0.0882588 2 2 3
0.943393 0.0882437 0.0882437 2 2 3
0.943878 0.0882285 0.0882285 2 2 3
0.944362 0.0882133 0.0882133 2 2 3
0.944846 0.0881981 0.0881981 2 2 3
0.945331 0.0881829 0.0881829 2 2 3
0.945815 0.0881677 0.0881677 2 2 3
0.946299 0.0881525 0.0881525 2 2 3
0.946784 0.0881373 0.0881373 2 2 3
0.947268 0.0881221 0.0881221 2 2 3
0.947753 0.0881068 0.0881068 2 2 3
0.948237 0.0880916 0.0880916 2 2 3
0.948722 0.0880764 0.0880764 2 2 3
0.949206 0.0880612 0.0880612 2 2 3
0.949691 0.0880459 0.0880459 2 2 3
0.950175 0.0880307 0.0880307 2 2 3
0.95066 0.0880154 0.0880154 2 2 3
0.951145 0.0880002 0.0880002 2 2 3
0.951629 0.0879849 0.0879849 2 2 3
0.952114 0.0879697 0.0879697 2 2 3
0.952599 0.0879544 0.0879544 2 2 3
0.953083 0.0879391 0.0879391 2 2 3
0.953568 0.0879239 0.0879239 2 2 3
0.954053 0.0879086 0.0879086 2 2 3
0.954538 0.0878933 0.0878933 2 2 3
0.955023 0.087878 0.087878 2 2 3
0.955507 0.0878627 0.0878627 2 2 3
0.955992 0.0878475 0.0878475 2 2 3
0.956477 0.0878322 0.0878322 2 2 3
0.956962 0.0878169 0.0878169 2 2 3
0.957447 0.0878016 0.0878016 2 2 3
0.957932 0.0877862 0.0877862 2 2 3
0.958417 0.0877709 0.0877709 2 2 3
0.958902 0.0877556 0.0877556 2 2 3
0.959387 0.0877403 0.0877403 2 2 3
0.959872 0.087725 0.087725 2 2 3
0.960357 0.0877096 0.0877096 2 2 3
0.960842 0.0876943 0.0876943 2 2 3
0.961327 0.087679 0.087679 2 2 3
0.961812 0.0876636 0.0876636 2 2 3
0.962297 0.0876483 0.0876483 2 2 3
0.962782 0.0876329 0.0876329 2 2 3
0.963268 0.0876176 0.0876176 2 2 3
0.963753 0.0876022 0.0876022 2 2 3
0.964238 0.0875869 0.0875869 2 2 3
0.964723 0.0875715 0.0875715 2 2 3
0.965209 0.0875561 0.0875561 2 2 3
0.965694 0.0875407 0.0875407 2 2 3
0.966179 0.0875254 0.0875254 2 2 3
0.966664 0.08751 0.08751 2 2 3
0.96715 0.0874946 0.0874946 2 2 3
0.967635 0.0874792 0.0874792 2 2 3
0.968121 0.0874638 0.0874638 2 2 3
0.968606 0.0874484 0.0874484 2 2 3
0.969091 0.087433 0.087433 2 2 3
0.969577 0.0874176 0.0874176 2 2 3
0.970062 0.0874022 0.0874022 2 2 3
0.970548 0.0873868 0.0873868 2 2 3
0.971033 0.0873714 0.0873714 2 2 3
0.971519 0.0873559 0.0873559 2 2 3
0.972004 0.0873405 0.0873405 2 2 3
0.97249 0.0873251 0.0873251 2 2 3
0.972976 0.0873097 0.0873097 2 2 3
0.973461 0.0872942 0.0872942 2 2 3
0.973947 0.0872788 0.0872788 2 2 3
0.974433 0.0872633 0.0872633 2 2 3
0.974918 0.0872479 0.0872479 2 2 3
0.975404 0.0872324 0.0872324 2 2 3
0.97589 0.087217 0.087217 2 2 3
0.976375 0.0872015 0.0872015 2 2 3
0.976861 0.0871861 0.0871861 2 2 3
0.977347 0.0871706 0.0871706 2 2 3
0.977833 0.0871551 0.0871551 2 2 3
0.978319 0.0871396 0.0871396 2 2 3
0.978804 0.0871242 0.0871242 2 2 3
0.97929 0.0871087 0.0871087 2 2 3
0.979776 0.0870932 0.0870932 2 2 3
0.980262 0.0870777 0.0870777 2 2 3
0.980748 0.0870622 0.0870622 2 2 3
0.981234 0.0870467 0.0870467 2 2 3
0.98172 0.0870312 0.0870312 2 2 3
0.982206 0.0870157 0.0870157 2 2 3
0.982692 0.0870002 0.0870002 2 2 3
0.983178 0.0869847 0.0869847 2 2 3
0.983664 0.0869692 0.0869692 2 2 3
0.98415 0.0869536 0.0869536 2 2 3
0.984636 0.0869381 0.0869381 2 2 3
0.985122 0.0869226 0.0869226 2 2 3
0.985608 0.0869071 0.0869071 2 2 3
0.986094 0.0868915 0.0868915 2 2 3
0.986581 0.086876 0.086876 2 2 3
0.987067 0.0868605 0.0868605 2 2 3
0.987553 0.0868449 0.0868449 2 2 3
0.988039 0.0868294 0.0868294 2 2 3
0.988525 0.0868138 0.0868138 2 2 3
0.989012 0.0867983 0.0867983 2 2 3
0.989498 0.0867827 0.0867827 2 2 3
0.989984 0.0867671 0.0867671 2 2 3
0.990471 0.0867516 0.0867516 2 2 3
0.990957 0.086736 0.086736 2 2 3
0.991443 0.0867204 0.0867204 2 2 3
0.99193 0.0867049 0.0867049 2 2 3
0.992416 0.0866893 0.0866893 2 2 3
0.992903 0.0866737 0.0866737 2 2 3
0.993389 0.0866581 0.0866581 2 2 3
0.993875 0.0866425 0.0866425 2 2 3
0.994362 0.0866269 0.0866269 2 2 3
0.994848 0.0866113 0.0866113 2 2 3
0.995335 0.0865957 0.0865957 2 2 3
0.995821 0.0865801 0.0865801 2 2 3
0.996308 0.0865645 0.0865645 2 2 3
0.996795 0.0865489 0.0865489 2 2 3
0.997281 0.0865333 0.0865333 2 2 3
0.997768 0.0865177 0.0865177 2 2 3
0.998254 0.0865021 0.0865021 2 2 3
0.998741 0.0864865 0.0864865 2 2 3
0.999228 0.0864708 0.0864708 2 2 3
0.999714 0.0864552 0.0864552 2 2 3
1.0002 0.0864396 0.0864396 2 2 3
