0 0.1 0.1 2 2 3
8.5696e-06 0.1 0.1 2 2 3
1.85011e-05 0.100001 0.100001 2 2 3
3.71303e-05 0.100001 0.100001 2 2 3
7.46382e-05 0.100002 0.100002 2 2 3
0.000149643 0.100004 0.100004 2 2 3
0.000299631 0.100009 0.100009 2 2 3
0.000599651 0.100017 0.100017 2 2 3
0.00102583 0.10003 0.10003 2 2 3
0.0014521 0.100042 0.100042 2 2 3
0.00187844 0.100054 0.100054 2 2 3
0.00230481 0.100067 0.100067 2 2 3
0.00273126 0.100079 0.100079 2 2 3
0.00315775 0.100091 0.100091 2 2 3
0.00358429 0.100104 0.100104 2 2 3
0.00401091 0.100116 0.100116 2 2 3
0.00443755 0.100129 0.100129 2 2 3
0.00486427 0.100141 0.100141 2 2 3
0.00529104 0.100153 0.100153 2 2 3
0.00571786 0.100166 0.100166 2 2 3
0.00614472 0.100178 0.100178 2 2 3
0.00657166 0.10019 0.10019 2 2 3
0.00699863 0.100203 0.100203 2 2 3
0.00742568 0.100215 0.100215 2 2 3
0.00785278 0.100227 0.100227 2 2 3
0.00827991 0.10024 0.10024 2 2 3
0.00870712 0.100252 0.100252 2 2 3
0.00913438 0.100264 0.100264 2 2 3
0.00956169 0.100277 0.100277 2 2 3
0.00998905 0.100289 0.100289 2 2 3
0.0104165 0.100301 0.100301 2 2 3
0.0108439 0.100314 0.100314 2 2 3
0.0112715 0.100326 0.100326 2 2 3
0.0116991 0.100338 0.100338 2 2 3
0.0121267 0.100351 0.100351 2 2 3
0.0125544 0.100363 0.100363 2 2 3
0.0129821 0.100375 0.100375 2 2 3
0.0134099 0.100388 0.100388 2 2 3
0.0138378 0.1004 0.1004 2 2 3
0.0142657 0.100412 0.100412 2 2 3
0.0146936 0.100425 0.100425 2 2 3
0.0151217 0.100437 0.100437 2 2 3
0.0155497 0.10045 0.10045 2 2 3
0.0159779 0.100462 0.100462 2 2 3
0.016406 0.100474 0.100474 2 2 3
0.0168343 0.100487 0.100487 2 2 3
0.0172625 0.100499 0.100499 2 2 3
0.0176909 0.100511 0.100511 2 2 3
0.0181193 0.100524 0.100524 2 2 3
0.0185477 0.100536 0.100536 2 2 3
0.0189762 0.100548 0.100548 2 2 3
0.0194048 0.100561 0.100561 2 2 3
0.0198334 0.100573 0.100573 2 2 3
0.020262 0.100585 0.100585 2 2 3
0.0206908 0.100598 0.100598 2 2 3
0.0211195 0.10061 0.10061 2 2 3
0.0215484 0.100622 0.100622 2 2 3
0.0219772 0.100635 0.100635 2 2 3
0.0224062 0.100647 0.100647 2 2 3
0.0228351 0.100659 0.100659 2 2 3
0.0232642 0.100672 0.100672 2 2 3
0.0236933 0.100684 0.100684 2 2 3
0.0241224 0.100696 0.100696 2 2 3
0.0245516 0.100709 0.100709 2 2 3
0.0249809 0.100721 0.100721 2 2 3
0.0254102 0.100733 0.100733 2 2 3
0.0258395 0.100745 0.100745 2 2 3
0.026269 0.100758 0.100758 2 2 3
0.0266984 0.10077 0.10077 2 2 3
0.0271279 0.100782 0.100782 2 2 3
0.0275575 0.100795 0.100795 2 2 3
0.0279871 0.100807 0.100807 2 2 3
0.0284168 0.100819 0.100819 2 2 3
0.0288465 0.100832 0.100832 2 2 3
0.0292763 0.100844 0.100844 2 2 3
0.0297062 0.100856 0.100856 2 2 3
0.0301361 0.100869 0.100869 2 2 3
0.030566 0.100881 0.100881 2 2 3
0.030996 0.100893 0.100893 2 2 3
0.0314261 0.100906 0.100906 2 2 3
0.0318562 0.100918 0.100918 2 2 3
0.0322863 0.10093 0.10093 2 2 3
0.0327165 0.100943 0.100943 2 2 3
0.0331468 0.100955 0.100955 2 2 3
0.0335771 0.100967 0.100967 2 2 3
0.0340075 0.10098 0.10098 2 2 3
0.0344379 0.100992 0.100992 2 2 3
0.0348684 0.101004 0.101004 2 2 3
0.0352989 0.101016 0.101016 2 2 3
0.0357295 0.101029 0.101029 2 2 3
0.0361601 0.101041 0.101041 2 2 3
0.0365908 0.101053 0.101053 2 2 3
0.0370215 0.101066 0.101066 2 2 3
0.0374523 0.101078 0.101078 2 2 3
0.0378832 0.10109 0.10109 2 2 3
0.0383141 0.101103 0.101103 2 2 3
0.038745 0.101115 0.101115 2 2 3
0.039176 0.101127 0.101127 2 2 3
0.0396071 0.10114 0.10114 2 2 3
0.0400382 0.101152 0.101152 2 2 3
0.0404694 0.101164 0.101164 2 2 3
0.0409006 0.101176 0.101176 2 2 3
0.0413319 0.101189 0.101189 2 2 3
0.0417632 0.101201 0.101201 2 2 3
0.0421945 0.101213 0.101213 2 2 3
0.042626 0.101226 0.101226 2 2 3
0.0430575 0.101238 0.101238 2 2 3
0.043489 0.10125 0.10125 2 2 3
0.0439206 0.101263 0.101263 2 2 3
0.0443522 0.101275 0.101275 2 2 3
0.0447839 0.101287 0.101287 2 2 3
0.0452156 0.101299 0.101299 2 2 3
0.0456474 0.101312 0.101312 2 2 3
0.0460792 0.101324 0.101324 2 2 3
0.0465112 0.101336 0.101336 2 2 3
0.0469431 0.101349 0.101349 2 2 3
0.0473751 0.101361 0.101361 2 2 3
0.0478072 0.101373 0.101373 2 2 3
0.0482393 0.101385 0.101385 2 2 3
0.0486714 0.101398 0.101398 2 2 3
0.0491036 0.10141 0.10141 2 2 3
0.0495359 0.101422 0.101422 2 2 3
0.0499682 0.101435 0.101435 2 2 3
0.0504006 0.101447 0.101447 2 2 3
0.050833 0.101459 0.101459 2 2 3
0.0512655 0.101471 0.101471 2 2 3
0.051698 0.101484 0.101484 2 2 3
0.0521306 0.101496 0.101496 2 2 3
0.0525632 0.101508 0.101508 2 2 3
0.0529959 0.10152 0.10152 2 2 3
0.0534286 0.101533 0.101533 2 2 3
0.0538614 0.101545 0.101545 2 2 3
0.0542942 0.101557 0.101557 2 2 3
0.0547271 0.10157 0.10157 2 2 3
0.05516 0.101582 0.101582 2 2 3
0.055593 0.101594 0.101594 2 2 3
0.0560261 0.101606 0.101606 2 2 3
0.0564591 0.101619 0.101619 2 2 3
0.0568923 0.101631 0.101631 2 2 3
0.0573255 0.101643 0.101643 2 2 3
0.0577587 0.101655 0.101655 2 2 3
0.058192 0.101668 0.101668 2 2 3
0.0586254 0.10168 0.10168 2 2 3
0.0590588 0.101692 0.101692 2 2 3
0.0594922 0.101704 0.101704 2 2 3
0.0599257 0.101717 0.101717 2 2 3
0.0603593 0.101729 0.101729 2 2 3
0.0607929 0.101741 0.101741 2 2 3
0.0612266 0.101753 0.101753 2 2 3
0.0616603 0.101766 0.101766 2 2 3
0.062094 0.101778 0.101778 2 2 3
0.0625278 0.10179 0.10179 2 2 3
0.0629617 0.101802 0.101802 2 2 3
0.0633956 0.101815 0.101815 2 2 3
0.0638296 0.101827 0.101827 2 2 3
0.0642636 0.101839 0.101839 2 2 3
0.0646977 0.101851 0.101851 2 2 3
0.0651318 0.101864 0.101864 2 2 3
0.065566 0.101876 0.101876 2 2 3
0.0660002 0.101888 0.101888 2 2 3
0.0664345 0.1019 0.1019 2 2 3
0.0668688 0.101913 0.101913 2 2 3
0.0673032 0.101925 0.101925 2 2 3
0.0677376 0.101937 0.101937 2 2 3
0.0681721 0.101949 0.101949 2 2 3
0.0686066 0.101961 0.101961 2 2 3
0.0690412 0.101974 0.101974 2 2 3
0.0694758 0.101986 0.101986 2 2 3
0.0699105 0.101998 0.101998 2 2 3
0.0703452 0.10201 0.10201 2 2 3
0.07078 0.102023 0.102023 2 2 3
0.0712148 0.102035 0.102035 2 2 3
0.0716497 0.102047 0.102047 2 2 3
0.0720847 0.102059 0.102059 2 2 3
0.0725196 0.102071 0.102071 2 2 3
0.0729547 0.102084 0.102084 2 2 3
0.0733898 0.102096 0.102096 2 2 3
0.0738249 0.102108 0.102108 2 2 3
0.0742601 0.10212 0.10212 2 2 3
0.0746953 0.102133 0.102133 2 2 3
0.0751306 0.102145 0.102145 2 2 3
0.075566 0.102157 0.102157 2 2 3
0.0760013 0.102169 0.102169 2 2 3
0.0764368 0.102181 0.102181 2 2 3
0.0768723 0.102194 0.102194 2 2 3
0.0773078 0.102206 0.102206 2 2 3
0.0777434 0.102218 0.102218 2 2 3
0.0781791 0.10223 0.10223 2 2 3
0.0786147 0.102242 0.102242 2 2 3
0.0790505 0.102255 0.102255 2 2 3
0.0794863 0.102267 0.102267 2 2 3
0.0799221 0.102279 0.102279 2 2 3
0.080358 0.102291 0.102291 2 2 3
0.080794 0.102303 0.102303 2 2 3
0.08123 0.102315 0.102315 2 2 3
0.081666 0.102328 0.102328 2 2 3
0.0821021 0.10234 0.10234 2 2 3
0.0825382 0.102352 0.102352 2 2 3
0.0829744 0.102364 0.102364 2 2 3
0.0834107 0.102376 0.102376 2 2 3
0.083847 0.102389 0.102389 2 2 3
0.0842833 0.102401 0.102401 2 2 3
0.0847197 0.102413 0.102413 2 2 3
0.0851562 0.102425 0.102425 2 2 3
0.0855927 0.102437 0.102437 2 2 3
0.0860292 0.102449 0.102449 2 2 3
0.0864658 0.102462 0.102462 2 2 3
0.0869024 0.102474 0.102474 2 2 3
0.0873391 0.102486 0.102486 2 2 3
0.0877759 0.102498 0.102498 2 2 3
0.0882127 0.10251 0.10251 2 2 3
0.0886495 0.102522 0.102522 2 2 3
0.0890864 0.102535 0.102535 2 2 3
0.0895233 0.102547 0.102547 2 2 3
0.0899603 0.102559 0.102559 2 2 3
0.0903974 0.102571 0.102571 2 2 3
0.0908345 0.102583 0.102583 2 2 3
0.0912716 0.102595 0.102595 2 2 3
0.0917088 0.102607 0.102607 2 2 3
0.092146 0.10262 0.10262 2 2 3
0.0925833 0.102632 0.102632 2 2 3
0.0930207 0.102644 0.102644 2 2 3
0.0934581 0.102656 0.102656 2 2 3
0.0938955 0.102668 0.102668 2 2 3
0.094333 0.10268 0.10268 2 2 3
0.0947705 0.102692 0.102692 2 2 3
0.0952081 0.102705 0.102705 2 2 3
0.0956457 0.102717 0.102717 2 2 3
0.0960834 0.102729 0.102729 2 2 3
0.0965212 0.102741 0.102741 2 2 3
0.0969589 0.102753 0.102753 2 2 3
0.0973968 0.102765 0.102765 2 2 3
0.0978346 0.102777 0.102777 2 2 3
0.0982726 0.102789 0.102789 2 2 3
0.0987106 0.102802 0.102802 2 2 3
0.0991486 0.102814 0.102814 2 2 3
0.0995867 0.102826 0.102826 2 2 3
0.100025 0.102838 0.102838 2 2 3
0.100463 0.10285 0.10285 2 2 3
0.100901 0.102862 0.102862 2 2 3
0.101339 0.102874 0.102874 2 2 3
0.101778 0.102886 0.102886 2 2 3
0.102216 0.102898 0.102898 2 2 3
0.102655 0.10291 0.10291 2 2 3
0.103093 0.102923 0.102923 2 2 3
0.103532 0.102935 0.102935 2 2 3
0.10397 0.102947 0.102947 2 2 3
0.104409 0.102959 0.102959 2 2 3
0.104847 0.102971 0.102971 2 2 3
0.105286 0.102983 0.102983 2 2 3
0.105725 0.102995 0.102995 2 2 3
0.106164 0.103007 0.103007 2 2 3
0.106603 0.103019 0.103019 2 2 3
0.107041 0.103031 0.103031 2 2 3
0.10748 0.103043 0.103043 2 2 3
0.107919 0.103056 0.103056 2 2 3
0.108358 0.103068 0.103068 2 2 3
0.108798 0.10308 0.10308 2 2 3
0.109237 0.103092 0.103092 2 2 3
0.109676 0.103104 0.103104 2 2 3
0.110115 0.103116 0.103116 2 2 3
0.110554 0.103128 0.103128 2 2 3
0.110994 0.10314 0.10314 2 2 3
0.111433 0.103152 0.103152 2 2 3
0.111873 0.103164 0.103164 2 2 3
0.112312 0.103176 0.103176 2 2 3
0.112752 0.103188 0.103188 2 2 3
0.113191 0.1032 0.1032 2 2 3
0.113631 0.103212 0.103212 2 2 3
0.11407 0.103224 0.103224 2 2 3
0.11451 0.103236 0.103236 2 2 3
0.11495 0.103248 0.103248 2 2 3
0.11539 0.10326 0.10326 2 2 3
0.11583 0.103272 0.103272 2 2 3
0.11627 0.103285 0.103285 2 2 3
0.11671 0.103297 0.103297 2 2 3
0.11715 0.103309 0.103309 2 2 3
0.11759 0.103321 0.103321 2 2 3
0.11803 0.103333 0.103333 2 2 3
0.11847 0.103345 0.103345 2 2 3
0.11891 0.103357 0.103357 2 2 3
0.11935 0.103369 0.103369 2 2 3
0.119791 0.103381 0.103381 2 2 3
0.120231 0.103393 0.103393 2 2 3
0.120671 0.103405 0.103405 2 2 3
0.121112 0.103417 0.103417 2 2 3
0.121552 0.103429 0.103429 2 2 3
0.121993 0.103441 0.103441 2 2 3
0.122433 0.103453 0.103453 2 2 3
0.122874 0.103465 0.103465 2 2 3
0.123315 0.103477 0.103477 2 2 3
0.123755 0.103489 0.103489 2 2 3
0.124196 0.103501 0.103501 2 2 3
0.124637 0.103513 0.103513 2 2 3
0.125078 0.103525 0.103525 2 2 3
0.125519 0.103537 0.103537 2 2 3
0.12596 0.103549 0.103549 2 2 3
0.126401 0.103561 0.103561 2 2 3
0.126842 0.103573 0.103573 2 2 3
0.127283 0.103585 0.103585 2 2 3
0.127724 0.103597 0.103597 2 2 3
0.128165 0.103609 0.103609 2 2 3
0.128607 0.103621 0.103621 2 2 3
0.129048 0.103632 0.103632 2 2 3
0.129489 0.103644 0.103644 2 2 3
0.129931 0.103656 0.103656 2 2 3
0.130372 0.103668 0.103668 2 2 3
0.130813 0.10368 0.10368 2 2 3
0.131255 0.103692 0.103692 2 2 3
0.131697 0.103704 0.103704 2 2 3
0.132138 0.103716 0.103716 2 2 3
0.13258 0.103728 0.103728 2 2 3
0.133022 0.10374 0.10374 2 2 3
0.133463 0.103752 0.103752 2 2 3
0.133905 0.103764 0.103764 2 2 3
0.134347 0.103776 0.103776 2 2 3
0.134789 0.103788 0.103788 2 2 3
0.135231 0.1038 0.1038 2 2 3
0.135673 0.103812 0.103812 2 2 3
0.136115 0.103824 0.103824 2 2 3
0.136557 0.103835 0.103835 2 2 3
0.136999 0.103847 0.103847 2 2 3
0.137441 0.103859 0.103859 2 2 3
0.137884 0.103871 0.103871 2 2 3
0.138326 0.103883 0.103883 2 2 3
0.138768 0.103895 0.103895 2 2 3
0.13921 0.103907 0.103907 2 2 3
0.139653 0.103919 0.103919 2 2 3
0.140095 0.103931 0.103931 2 2 3
0.140538 0.103943 0.103943 2 2 3
0.14098 0.103955 0.103955 2 2 3
0.141423 0.103966 0.103966 2 2 3
0.141866 0.103978 0.103978 2 2 3
0.142308 0.10399 0.10399 2 2 3
0.142751 0.104002 0.104002 2 2 3
0.143194 0.104014 0.104014 2 2 3
0.143637 0.104026 0.104026 2 2 3
0.14408 0.104038 0.104038 2 2 3
0.144523 0.10405 0.10405 2 2 3
0.144965 0.104061 0.104061 2 2 3
0.145408 0.104073 0.104073 2 2 3
0.145852 0.104085 0.104085 2 2 3
0.146295 0.104097 0.104097 2 2 3
0.146738 0.104109 0.104109 2 2 3
0.147181 0.104121 0.104121 2 2 3
0.147624 0.104133 0.104133 2 2 3
0.148068 0.104144 0.104144 2 2 3
0.148511 0.104156 0.104156 2 2 3
0.148954 0.104168 0.104168 2 2 3
0.149398 0.10418 0.10418 2 2 3
0.149841 0.104192 0.104192 2 2 3
0.150285 0.104204 0.104204 2 2 3
0.150728 0.104216 0.104216 2 2 3
0.151172 0.104227 0.104227 2 2 3
0.151615 0.104239 0.104239 2 2 3
0.152059 0.104251 0.104251 2 2 3
0.152503 0.104263 0.104263 2 2 3
0.152947 0.104275 0.104275 2 2 3
0.153391 0.104286 0.104286 2 2 3
0.153834 0.104298 0.104298 2 2 3
0.154278 0.10431 0.10431 2 2 3
0.154722 0.104322 0.104322 2 2 3
0.155166 0.104334 0.104334 2 2 3
0.15561 0.104345 0.104345 2 2 3
0.156054 0.104357 0.104357 2 2 3
0.156499 0.104369 0.104369 2 2 3
0.156943 0.104381 0.104381 2 2 3
0.157387 0.104393 0.104393 2 2 3
0.157831 0.104404 0.104404 2 2 3
0.158276 0.104416 0.104416 2 2 3
0.15872 0.104428 0.104428 2 2 3
0.159164 0.10444 0.10444 2 2 3
0.159609 0.104452 0.104452 2 2 3
0.160053 0.104463 0.104463 2 2 3
0.160498 0.104475 0.104475 2 2 3
0.160943 0.104487 0.104487 2 2 3
0.161387 0.104499 0.104499 2 2 3
0.161832 0.10451 0.10451 2 2 3
0.162277 0.104522 0.104522 2 2 3
0.162721 0.104534 0.104534 2 2 3
0.163166 0.104546 0.104546 2 2 3
0.163611 0.104557 0.104557 2 2 3
0.164056 0.104569 0.104569 2 2 3
0.164501 0.104581 0.104581 2 2 3
0.164946 0.104593 0.104593 2 2 3
0.165391 0.104604 0.104604 2 2 3
0.165836 0.104616 0.104616 2 2 3
0.166281 0.104628 0.104628 2 2 3
0.166727 0.104639 0.104639 2 2 3
0.167172 0.104651 0.104651 2 2 3
0.167617 0.104663 0.104663 2 2 3
0.168062 0.104675 0.104675 2 2 3
0.168508 0.104686 0.104686 2 2 3
0.168953 0.104698 0.104698 2 2 3
0.169399 0.10471 0.10471 2 2 3
0.169844 0.104721 0.104721 2 2 3
0.17029 0.104733 0.104733 2 2 3
0.170735 0.104745 0.104745 2 2 3
0.171181 0.104756 0.104756 2 2 3
0.171626 0.104768 0.104768 2 2 3
0.172072 0.10478 0.10478 2 2 3
0.172518 0.104791 0.104791 2 2 3
0.172964 0.104803 0.104803 2 2 3
0.17341 0.104815 0.104815 2 2 3
0.173855 0.104826 0.104826 2 2 3
0.174301 0.104838 0.104838 2 2 3
0.174747 0.10485 0.10485 2 2 3
0.175193 0.104861 0.104861 2 2 3
0.175639 0.104873 0.104873 2 2 3
0.176086 0.104885 0.104885 2 2 3
0.176532 0.104896 0.104896 2 2 3
0.176978 0.104908 0.104908 2 2 3
0.177424 0.10492 0.10492 2 2 3
0.17787 0.104931 0.104931 2 2 3
0.178317 0.104943 0.104943 2 2 3
0.178763 0.104955 0.104955 2 2 3
0.17921 0.104966 0.104966 2 2 3
0.179656 0.104978 0.104978 2 2 3
0.180103 0.104989 0.104989 2 2 3
0.180549 0.105001 0.105001 2 2 3
0.180996 0.105013 0.105013 2 2 3
0.181442 0.105024 0.105024 2 2 3
0.181889 0.105036 0.105036 2 2 3
0.182336 0.105047 0.105047 2 2 3
0.182782 0.105059 0.105059 2 2 3
0.183229 0.105071 0.105071 2 2 3
0.183676 0.105082 0.105082 2 2 3
0.184123 0.105094 0.105094 2 2 3
0.18457 0.105105 0.105105 2 2 3
0.185017 0.105117 0.105117 2 2 3
0.185464 0.105129 0.105129 2 2 3
0.185911 0.10514 0.10514 2 2 3
0.186358 0.105152 0.105152 2 2 3
0.186805 0.105163 0.105163 2 2 3
0.187252 0.105175 0.105175 2 2 3
0.1877 0.105186 0.105186 2 2 3
0.188147 0.105198 0.105198 2 2 3
0.188594 0.105209 0.105209 2 2 3
0.189042 0.105221 0.105221 2 2 3
0.189489 0.105233 0.105233 2 2 3
0.189937 0.105244 0.105244 2 2 3
0.190384 0.105256 0.105256 2 2 3
0.190832 0.105267 0.105267 2 2 3
0.191279 0.105279 0.105279 2 2 3
0.191727 0.10529 0.10529 2 2 3
0.192174 0.105302 0.105302 2 2 3
0.192622 0.105313 0.105313 2 2 3
0.19307 0.105325 0.105325 2 2 3
0.193518 0.105336 0.105336 2 2 3
0.193966 0.105348 0.105348 2 2 3
0.194413 0.105359 0.105359 2 2 3
0.194861 0.105371 0.105371 2 2 3
0.195309 0.105382 0.105382 2 2 3
0.195757 0.105394 0.105394 2 2 3
0.196205 0.105405 0.105405 2 2 3
0.196653 0.105417 0.105417 2 2 3
0.197102 0.105428 0.105428 2 2 3
0.19755 0.10544 0.10544 2 2 3
0.197998 0.105451 0.105451 2 2 3
0.198446 0.105463 0.105463 2 2 3
0.198895 0.105474 0.105474 2 2 3
0.199343 0.105485 0.105485 2 2 3
0.199791 0.105497 0.105497 2 2 3
0.20024 0.105508 0.105508 2 2 3
0.200688 0.10552 0.10552 2 2 3
0.201137 0.105531 0.105531 2 2 3
0.201585 0.105543 0.105543 2 2 3
0.202034 0.105554 0.105554 2 2 3
0.202483 0.105566 0.105566 2 2 3
0.202931 0.105577 0.105577 2 2 3
0.20338 0.105588 0.105588 2 2 3
0.203829 0.1056 0.1056 2 2 3
0.204278 0.105611 0.105611 2 2 3
0.204726 0.105623 0.105623 2 2 3
0.205175 0.105634 0.105634 2 2 3
0.205624 0.105645 0.105645 2 2 3
0.206073 0.105657 0.105657 2 2 3
0.206522 0.105668 0.105668 2 2 3
0.206971 0.10568 0.10568 2 2 3
0.20742 0.105691 0.105691 2 2 3
0.20787 0.105702 0.105702 2 2 3
0.208319 0.105714 0.105714 2 2 3
0.208768 0.105725 0.105725 2 2 3
0.209217 0.105736 0.105736 2 2 3
0.209666 0.105748 0.105748 2 2 3
0.210116 0.105759 0.105759 2 2 3
0.210565 0.10577 0.10577 2 2 3
0.211015 0.105782 0.105782 2 2 3
0.211464 0.105793 0.105793 2 2 3
0.211914 0.105804 0.105804 2 2 3
0.212363 0.105816 0.105816 2 2 3
0.212813 0.105827 0.105827 2 2 3
0.213262 0.105838 0.105838 2 2 3
0.213712 0.10585 0.10585 2 2 3
0.214162 0.105861 0.105861 2 2 3
0.214612 0.105872 0.105872 2 2 3
0.215061 0.105884 0.105884 2 2 3
0.215511 0.105895 0.105895 2 2 3
0.215961 0.105906 0.105906 2 2 3
0.216411 0.105918 0.105918 2 2 3
0.216861 0.105929 0.105929 2 2 3
0.217311 0.10594 0.10594 2 2 3
0.217761 0.105951 0.105951 2 2 3
0.218211 0.105963 0.105963 2 2 3
0.218661 0.105974 0.105974 2 2 3
0.219112 0.105985 0.105985 2 2 3
0.219562 0.105997 0.105997 2 2 3
0.220012 0.106008 0.106008 2 2 3
0.220462 0.106019 0.106019 2 2 3
0.220913 0.10603 0.10603 2 2 3
0.221363 0.106042 0.106042 2 2 3
0.221813 0.106053 0.106053 2 2 3
0.222264 0.106064 0.106064 2 2 3
0.222714 0.106075 0.106075 2 2 3
0.223165 0.106086 0.106086 2 2 3
0.223616 0.106098 0.106098 2 2 3
0.224066 0.106109 0.106109 2 2 3
0.224517 0.10612 0.10612 2 2 3
0.224968 0.106131 0.106131 2 2 3
0.225418 0.106143 0.106143 2 2 3
0.225869 0.106154 0.106154 2 2 3
0.22632 0.106165 0.106165 2 2 3
0.226771 0.106176 0.106176 2 2 3
0.227222 0.106187 0.106187 2 2 3
0.227673 0.106198 0.106198 2 2 3
0.228124 0.10621 0.10621 2 2 3
0.228575 0.106221 0.106221 2 2 3
0.229026 0.106232 0.106232 2 2 3
0.229477 0.106243 0.106243 2 2 3
0.229928 0.106254 0.106254 2 2 3
0.230379 0.106265 0.106265 2 2 3
0.23083 0.106277 0.106277 2 2 3
0.231282 0.106288 0.106288 2 2 3
0.231733 0.106299 0.106299 2 2 3
0.232184 0.10631 0.10631 2 2 3
0.232636 0.106321 0.106321 2 2 3
0.233087 0.106332 0.106332 2 2 3
0.233539 0.106343 0.106343 2 2 3
0.23399 0.106354 0.106354 2 2 3
0.234442 0.106366 0.106366 2 2 3
0.234893 0.106377 0.106377 2 2 3
0.235345 0.106388 0.106388 2 2 3
0.235796 0.106399 0.106399 2 2 3
0.236248 0.10641 0.10641 2 2 3
0.2367 0.106421 0.106421 2 2 3
0.237152 0.106432 0.106432 2 2 3
0.237604 0.106443 0.106443 2 2 3
0.238055 0.106454 0.106454 2 2 3
0.238507 0.106465 0.106465 2 2 3
0.238959 0.106476 0.106476 2 2 3
0.239411 0.106487 0.106487 2 2 3
0.239863 0.106499 0.106499 2 2 3
0.240315 0.10651 0.10651 2 2 3
0.240767 0.106521 0.106521 2 2 3
0.24122 0.106532 0.106532 2 2 3
0.241672 0.106543 0.106543 2 2 3
0.242124 0.106554 0.106554 2 2 3
0.242576 0.106565 0.106565 2 2 3
0.243028 0.106576 0.106576 2 2 3
0.243481 0.106587 0.106587 2 2 3
0.243933 0.106598 0.106598 2 2 3
0.244386 0.106609 0.106609 2 2 3
0.244838 0.10662 0.10662 2 2 3
0.245291 0.106631 0.106631 2 2 3
0.245743 0.106642 0.106642 2 2 3
0.246196 0.106653 0.106653 2 2 3
0.246648 0.106664 0.106664 2 2 3
0.247101 0.106675 0.106675 2 2 3
0.247554 0.106686 0.106686 2 2 3
0.248006 0.106697 0.106697 2 2 3
0.248459 0.106707 0.106707 2 2 3
0.248912 0.106718 0.106718 2 2 3
0.249365 0.106729 0.106729 2 2 3
0.249818 0.10674 0.10674 2 2 3
0.250271 0.106751 0.106751 2 2 3
0.250724 0.106762 0.106762 2 2 3
0.251177 0.106773 0.106773 2 2 3
0.25163 0.106784 0.106784 2 2 3
0.252083 0.106795 0.106795 2 2 3
0.252536 0.106806 0.106806 2 2 3
0.252989 0.106817 0.106817 2 2 3
0.253442 0.106828 0.106828 2 2 3
0.253895 0.106839 0.106839 2 2 3
0.254349 0.106849 0.106849 2 2 3
0.254802 0.10686 0.10686 2 2 3
0.255255 0.106871 0.106871 2 2 3
0.255709 0.106882 0.106882 2 2 3
0.256162 0.106893 0.106893 2 2 3
0.256615 0.106904 0.106904 2 2 3
0.257069 0.106915 0.106915 2 2 3
0.257523 0.106925 0.106925 2 2 3
0.257976 0.106936 0.106936 2 2 3
0.25843 0.106947 0.106947 2 2 3
0.258883 0.106958 0.106958 2 2 3
0.259337 0.106969 0.106969 2 2 3
0.259791 0.10698 0.10698 2 2 3
0.260245 0.10699 0.10699 2 2 3
0.260698 0.107001 0.107001 2 2 3
0.261152 0.107012 0.107012 2 2 3
0.261606 0.107023 0.107023 2 2 3
0.26206 0.107034 0.107034 2 2 3
0.262514 0.107044 0.107044 2 2 3
0.262968 0.107055 0.107055 2 2 3
0.263422 0.107066 0.107066 2 2 3
0.263876 0.107077 0.107077 2 2 3
0.26433 0.107087 0.107087 2 2 3
0.264784 0.107098 0.107098 2 2 3
0.265238 0.107109 0.107109 2 2 3
0.265693 0.10712 0.10712 2 2 3
0.266147 0.10713 0.10713 2 2 3
0.266601 0.107141 0.107141 2 2 3
0.267056 0.107152 0.107152 2 2 3
0.26751 0.107163 0.107163 2 2 3
0.267964 0.107173 0.107173 2 2 3
0.268419 0.107184 0.107184 2 2 3
0.268873 0.107195 0.107195 2 2 3
0.269328 0.107205 0.107205 2 2 3
0.269782 0.107216 0.107216 2 2 3
0.270237 0.107227 0.107227 2 2 3
0.270692 0.107238 0.107238 2 2 3
0.271146 0.107248 0.107248 2 2 3
0.271601 0.107259 0.107259 2 2 3
0.272056 0.10727 0.10727 2 2 3
0.27251 0.10728 0.10728 2 2 3
0.272965 0.107291 0.107291 2 2 3
0.27342 0.107302 0.107302 2 2 3
0.273875 0.107312 0.107312 2 2 3
0.27433 0.107323 0.107323 2 2 3
0.274785 0.107333 0.107333 2 2 3
0.27524 0.107344 0.107344 2 2 3
0.275695 0.107355 0.107355 2 2 3
0.27615 0.107365 0.107365 2 2 3
0.276605 0.107376 0.107376 2 2 3
0.27706 0.107387 0.107387 2 2 3
0.277515 0.107397 0.107397 2 2 3
0.277971 0.107408 0.107408 2 2 3
0.278426 0.107418 0.107418 2 2 3
0.278881 0.107429 0.107429 2 2 3
0.279337 0.107439 0.107439 2 2 3
0.279792 0.10745 0.10745 2 2 3
0.280247 0.107461 0.107461 2 2 3
0.280703 0.107471 0.107471 2 2 3
0.281158 0.107482 0.107482 2 2 3
0.281614 0.107492 0.107492 2 2 3
0.282069 0.107503 0.107503 2 2 3
0.282525 0.107513 0.107513 2 2 3
0.282981 0.107524 0.107524 2 2 3
0.283436 0.107534 0.107534 2 2 3
0.283892 0.107545 0.107545 2 2 3
0.284348 0.107555 0.107555 2 2 3
0.284803 0.107566 0.107566 2 2 3
0.285259 0.107576 0.107576 2 2 3
0.285715 0.107587 0.107587 2 2 3
0.286171 0.107597 0.107597 2 2 3
0.286627 0.107608 0.107608 2 2 3
0.287083 0.107618 0.107618 2 2 3
0.287539 0.107629 0.107629 2 2 3
0.287995 0.107639 0.107639 2 2 3
0.288451 0.10765 0.10765 2 2 3
0.288907 0.10766 0.10766 2 2 3
0.289363 0.107671 0.107671 2 2 3
0.289819 0.107681 0.107681 2 2 3
0.290276 0.107691 0.107691 2 2 3
0.290732 0.107702 0.107702 2 2 3
0.291188 0.107712 0.107712 2 2 3
0.291644 0.107723 0.107723 2 2 3
0.292101 0.107733 0.107733 2 2 3
0.292557 0.107743 0.107743 2 2 3
0.293014 0.107754 0.107754 2 2 3
0.29347 0.107764 0.107764 2 2 3
0.293927 0.107775 0.107775 2 2 3
0.294383 0.107785 0.107785 2 2 3
0.29484 0.107795 0.107795 2 2 3
0.295296 0.107806 0.107806 2 2 3
0.295753 0.107816 0.107816 2 2 3
0.29621 0.107826 0.107826 2 2 3
0.296666 0.107837 0.107837 2 2 3
0.297123 0.107847 0.107847 2 2 3
0.29758 0.107857 0.107857 2 2 3
0.298037 0.107868 0.107868 2 2 3
0.298493 0.107878 0.107878 2 2 3
0.29895 0.107888 0.107888 2 2 3
0.299407 0.107899 0.107899 2 2 3
0.299864 0.107909 0.107909 2 2 3
0.300321 0.107919 0.107919 2 2 3
0.300778 0.107929 0.107929 2 2 3
0.301235 0.10794 0.10794 2 2 3
0.301692 0.10795 0.10795 2 2 3
0.30215 0.10796 0.10796 2 2 3
0.302607 0.10797 0.10797 2 2 3
0.303064 0.107981 0.107981 2 2 3
0.303521 0.107991 0.107991 2 2 3
0.303978 0.108001 0.108001 2 2 3
0.304436 0.108011 0.108011 2 2 3
0.304893 0.108022 0.108022 2 2 3
0.30535 0.108032 0.108032 2 2 3
0.305808 0.108042 0.108042 2 2 3
0.306265 0.108052 0.108052 2 2 3
0.306723 0.108062 0.108062 2 2 3
0.30718 0.108073 0.108073 2 2 3
0.307638 0.108083 0.108083 2 2 3
0.308095 0.108093 0.108093 2 2 3
0.308553 0.108103 0.108103 2 2 3
0.309011 0.108113 0.108113 2 2 3
0.309468 0.108123 0.108123 2 2 3
0.309926 0.108134 0.108134 2 2 3
0.310384 0.108144 0.108144 2 2 3
0.310842 0.108154 0.108154 2 2 3
0.3113 0.108164 0.108164 2 2 3
0.311757 0.108174 0.108174 2 2 3
0.312215 0.108184 0.108184 2 2 3
0.312673 0.108194 0.108194 2 2 3
0.313131 0.108204 0.108204 2 2 3
0.313589 0.108215 0.108215 2 2 3
0.314047 0.108225 0.108225 2 2 3
0.314505 0.108235 0.108235 2 2 3
0.314963 0.108245 0.108245 2 2 3
0.315422 0.108255 0.108255 2 2 3
0.31588 0.108265 0.108265 2 2 3
0.316338 0.108275 0.108275 2 2 3
0.316796 0.108285 0.108285 2 2 3
0.317255 0.108295 0.108295 2 2 3
0.317713 0.108305 0.108305 2 2 3
0.318171 0.108315 0.108315 2 2 3
0.31863 0.108325 0.108325 2 2 3
0.319088 0.108335 0.108335 2 2 3
0.319546 0.108345 0.108345 2 2 3
0.320005 0.108355 0.108355 2 2 3
0.320463 0.108365 0.108365 2 2 3
0.320922 0.108375 0.108375 2 2 3
0.321381 0.108385 0.108385 2 2 3
0.321839 0.108395 0.108395 2 2 3
0.322298 0.108405 0.108405 2 2 3
0.322757 0.108415 0.108415 2 2 3
0.323215 0.108425 0.108425 2 2 3
0.323674 0.108435 0.108435 2 2 3
0.324133 0.108445 0.108445 2 2 3
0.324592 0.108455 0.108455 2 2 3
0.32505 0.108465 0.108465 2 2 3
0.325509 0.108474 0.108474 2 2 3
0.325968 0.108484 0.108484 2 2 3
0.326427 0.108494 0.108494 2 2 3
0.326886 0.108504 0.108504 2 2 3
0.327345 0.108514 0.108514 2 2 3
0.327804 0.108524 0.108524 2 2 3
0.328263 0.108534 0.108534 2 2 3
0.328723 0.108544 0.108544 2 2 3
0.329182 0.108553 0.108553 2 2 3
0.329641 0.108563 0.108563 2 2 3
0.3301 0.108573 0.108573 2 2 3
0.330559 0.108583 0.108583 2 2 3
0.331019 0.108593 0.108593 2 2 3
0.331478 0.108603 0.108603 2 2 3
0.331937 0.108612 0.108612 2 2 3
0.332397 0.108622 0.108622 2 2 3
0.332856 0.108632 0.108632 2 2 3
0.333316 0.108642 0.108642 2 2 3
0.333775 0.108652 0.108652 2 2 3
0.334235 0.108661 0.108661 2 2 3
0.334694 0.108671 0.108671 2 2 3
0.335154 0.108681 0.108681 2 2 3
0.335613 0.108691 0.108691 2 2 3
0.336073 0.1087 0.1087 2 2 3
0.336533 0.10871 0.10871 2 2 3
0.336993 0.10872 0.10872 2 2 3
0.337452 0.10873 0.10873 2 2 3
0.337912 0.108739 0.108739 2 2 3
0.338372 0.108749 0.108749 2 2 3
0.338832 0.108759 0.108759 2 2 3
0.339292 0.108768 0.108768 2 2 3
0.339752 0.108778 0.108778 2 2 3
0.340211 0.108788 0.108788 2 2 3
0.340671 0.108797 0.108797 2 2 3
0.341132 0.108807 0.108807 2 2 3
0.341592 0.108817 0.108817 2 2 3
0.342052 0.108826 0.108826 2 2 3
0.342512 0.108836 0.108836 2 2 3
0.342972 0.108846 0.108846 2 2 3
0.343432 0.108855 0.108855 2 2 3
0.343892 0.108865 0.108865 2 2 3
0.344353 0.108874 0.108874 2 2 3
0.344813 0.108884 0.108884 2 2 3
0.345273 0.108894 0.108894 2 2 3
0.345733 0.108903 0.108903 2 2 3
0.346194 0.108913 0.108913 2 2 3
0.346654 0.108922 0.108922 2 2 3
0.347115 0.108932 0.108932 2 2 3
0.347575 0.108941 0.108941 2 2 3
0.348036 0.108951 0.108951 2 2 3
0.348496 0.10896 0.10896 2 2 3
0.348957 0.10897 0.10897 2 2 3
0.349417 0.108979 0.108979 2 2 3
0.349878 0.108989 0.108989 2 2 3
0.350339 0.108998 0.108998 2 2 3
0.350799 0.109008 0.109008 2 2 3
0.35126 0.109017 0.109017 2 2 3
0.351721 0.109027 0.109027 2 2 3
0.352182 0.109036 0.109036 2 2 3
0.352643 0.109046 0.109046 2 2 3
0.353103 0.109055 0.109055 2 2 3
0.353564 0.109065 0.109065 2 2 3
0.354025 0.109074 0.109074 2 2 3
0.354486 0.109084 0.109084 2 2 3
0.354947 0.109093 0.109093 2 2 3
0.355408 0.109102 0.109102 2 2 3
0.355869 0.109112 0.109112 2 2 3
0.35633 0.109121 0.109121 2 2 3
0.356791 0.109131 0.109131 2 2 3
0.357253 0.10914 0.10914 2 2 3
0.357714 0.109149 0.109149 2 2 3
0.358175 0.109159 0.109159 2 2 3
0.358636 0.109168 0.109168 2 2 3
0.359097 0.109178 0.109178 2 2 3
0.359559 0.109187 0.109187 2 2 3
0.36002 0.109196 0.109196 2 2 3
0.360481 0.109206 0.109206 2 2 3
0.360943 0.109215 0.109215 2 2 3
0.361404 0.109224 0.109224 2 2 3
0.361866 0.109233 0.109233 2 2 3
0.362327 0.109243 0.109243 2 2 3
0.362789 0.109252 0.109252 2 2 3
0.36325 0.109261 0.109261 2 2 3
0.363712 0.109271 0.109271 2 2 3
0.364174 0.10928 0.10928 2 2 3
0.364635 0.109289 0.109289 2 2 3
0.365097 0.109298 0.109298 2 2 3
0.365559 0.109308 0.109308 2 2 3
0.36602 0.109317 0.109317 2 2 3
0.366482 0.109326 0.109326 2 2 3
0.366944 0.109335 0.109335 2 2 3
0.367406 0.109344 0.109344 2 2 3
0.367868 0.109354 0.109354 2 2 3
0.368329 0.109363 0.109363 2 2 3
0.368791 0.109372 0.109372 2 2 3
0.369253 0.109381 0.109381 2 2 3
0.369715 0.10939 0.10939 2 2 3
0.370177 0.109399 0.109399 2 2 3
0.370639 0.109409 0.109409 2 2 3
0.371102 0.109418 0.109418 2 2 3
0.371564 0.109427 0.109427 2 2 3
0.372026 0.109436 0.109436 2 2 3
0.372488 0.109445 0.109445 2 2 3
0.37295 0.109454 0.109454 2 2 3
0.373412 0.109463 0.109463 2 2 3
0.373875 0.109472 0.109472 2 2 3
0.374337 0.109481 0.109481 2 2 3
0.374799 0.109491 0.109491 2 2 3
0.375262 0.1095 0.1095 2 2 3
0.375724 0.109509 0.109509 2 2 3
0.376186 0.109518 0.109518 2 2 3
0.376649 0.109527 0.109527 2 2 3
0.377111 0.109536 0.109536 2 2 3
0.377574 0.109545 0.109545 2 2 3
0.378036 0.109554 0.109554 2 2 3
0.378499 0.109563 0.109563 2 2 3
0.378962 0.109572 0.109572 2 2 3
0.379424 0.109581 0.109581 2 2 3
0.379887 0.10959 0.10959 2 2 3
0.38035 0.109599 0.109599 2 2 3
0.380812 0.109608 0.109608 2 2 3
0.381275 0.109617 0.109617 2 2 3
0.381738 0.109625 0.109625 2 2 3
0.382201 0.109634 0.109634 2 2 3
0.382664 0.109643 0.109643 2 2 3
0.383126 0.109652 0.109652 2 2 3
0.383589 0.109661 0.109661 2 2 3
0.384052 0.10967 0.10967 2 2 3
0.384515 0.109679 0.109679 2 2 3
0.384978 0.109688 0.109688 2 2 3
0.385441 0.109697 0.109697 2 2 3
0.385904 0.109706 0.109706 2 2 3
0.386367 0.109714 0.109714 2 2 3
0.38683 0.109723 0.109723 2 2 3
0.387294 0.109732 0.109732 2 2 3
0.387757 0.109741 0.109741 2 2 3
0.38822 0.10975 0.10975 2 2 3
0.388683 0.109758 0.109758 2 2 3
0.389146 0.109767 0.109767 2 2 3
0.38961 0.109776 0.109776 2 2 3
0.390073 0.109785 0.109785 2 2 3
0.390536 0.109794 0.109794 2 2 3
0.391 0.109802 0.109802 2 2 3
0.391463 0.109811 0.109811 2 2 3
0.391927 0.10982 0.10982 2 2 3
0.39239 0.109829 0.109829 2 2 3
0.392854 0.109837 0.109837 2 2 3
0.393317 0.109846 0.109846 2 2 3
0.393781 0.109855 0.109855 2 2 3
0.394244 0.109863 0.109863 2 2 3
0.394708 0.109872 0.109872 2 2 3
0.395172 0.109881 0.109881 2 2 3
0.395635 0.109889 0.109889 2 2 3
0.396099 0.109898 0.109898 2 2 3
0.396563 0.109907 0.109907 2 2 3
0.397026 0.109915 0.109915 2 2 3
0.39749 0.109924 0.109924 2 2 3
0.397954 0.109933 0.109933 2 2 3
0.398418 0.109941 0.109941 2 2 3
0.398882 0.10995 0.10995 2 2 3
0.399346 0.109958 0.109958 2 2 3
0.39981 0.109967 0.109967 2 2 3
0.400274 0.109976 0.109976 2 2 3
0.400738 0.109984 0.109984 2 2 3
0.401202 0.109993 0.109993 2 2 3
0.401666 0.110001 0.110001 2 2 3
0.40213 0.11001 0.11001 2 2 3
0.402594 0.110018 0.110018 2 2 3
0.403058 0.110027 0.110027 2 2 3
0.403522 0.110035 0.110035 2 2 3
0.403986 0.110044 0.110044 2 2 3
0.404451 0.110052 0.110052 2 2 3
0.404915 0.110061 0.110061 2 2 3
0.405379 0.110069 0.110069 2 2 3
0.405844 0.110078 0.110078 2 2 3
0.406308 0.110086 0.110086 2 2 3
0.406772 0.110095 0.110095 2 2 3
0.407237 0.110103 0.110103 2 2 3
0.407701 0.110112 0.110112 2 2 3
0.408166 0.11012 0.11012 2 2 3
0.40863 0.110128 0.110128 2 2 3
0.409095 0.110137 0.110137 2 2 3
0.409559 0.110145 0.110145 2 2 3
0.410024 0.110154 0.110154 2 2 3
0.410488 0.110162 0.110162 2 2 3
0.410953 0.11017 0.11017 2 2 3
0.411418 0.110179 0.110179 2 2 3
0.411882 0.110187 0.110187 2 2 3
0.412347 0.110195 0.110195 2 2 3
0.412812 0.110204 0.110204 2 2 3
0.413276 0.110212 0.110212 2 2 3
0.413741 0.11022 0.11022 2 2 3
0.414206 0.110229 0.110229 2 2 3
0.414671 0.110237 0.110237 2 2 3
0.415136 0.110245 0.110245 2 2 3
0.415601 0.110253 0.110253 2 2 3
0.416066 0.110262 0.110262 2 2 3
0.416531 0.11027 0.11027 2 2 3
0.416996 0.110278 0.110278 2 2 3
0.417461 0.110286 0.110286 2 2 3
0.417926 0.110295 0.110295 2 2 3
0.418391 0.110303 0.110303 2 2 3
0.418856 0.110311 0.110311 2 2 3
0.419321 0.110319 0.110319 2 2 3
0.419786 0.110327 0.110327 2 2 3
0.420251 0.110336 0.110336 2 2 3
0.420717 0.110344 0.110344 2 2 3
0.421182 0.110352 0.110352 2 2 3
0.421647 0.11036 0.11036 2 2 3
0.422112 0.110368 0.110368 2 2 3
0.422578 0.110376 0.110376 2 2 3
0.423043 0.110384 0.110384 2 2 3
0.423509 0.110392 0.110392 2 2 3
0.423974 0.110401 0.110401 2 2 3
0.424439 0.110409 0.110409 2 2 3
0.424905 0.110417 0.110417 2 2 3
0.42537 0.110425 0.110425 2 2 3
0.425836 0.110433 0.110433 2 2 3
0.426301 0.110441 0.110441 2 2 3
0.426767 0.110449 0.110449 2 2 3
0.427233 0.110457 0.110457 2 2 3
0.427698 0.110465 0.110465 2 2 3
0.428164 0.110473 0.110473 2 2 3
0.42863 0.110481 0.110481 2 2 3
0.429095 0.110489 0.110489 2 2 3
0.429561 0.110497 0.110497 2 2 3
0.430027 0.110505 0.110505 2 2 3
0.430493 0.110513 0.110513 2 2 3
0.430958 0.110521 0.110521 2 2 3
0.431424 0.110529 0.110529 2 2 3
0.43189 0.110537 0.110537 2 2 3
0.432356 0.110544 0.110544 2 2 3
0.432822 0.110552 0.110552 2 2 3
0.433288 0.11056 0.11056 2 2 3
0.433754 0.110568 0.110568 2 2 3
0.43422 0.110576 0.110576 2 2 3
0.434686 0.110584 0.110584 2 2 3
0.435152 0.110592 0.110592 2 2 3
0.435618 0.1106 0.1106 2 2 3
0.436084 0.110607 0.110607 2 2 3
0.436551 0.110615 0.110615 2 2 3
0.437017 0.110623 0.110623 2 2 3
0.437483 0.110631 0.110631 2 2 3
0.437949 0.110639 0.110639 2 2 3
0.438415 0.110646 0.110646 2 2 3
0.438882 0.110654 0.110654 2 2 3
0.439348 0.110662 0.110662 2 2 3
0.439814 0.11067 0.11067 2 2 3
0.440281 0.110677 0.110677 2 2 3
0.440747 0.110685 0.110685 2 2 3
0.441214 0.110693 0.110693 2 2 3
0.44168 0.1107 0.1107 2 2 3
0.442146 0.110708 0.110708 2 2 3
0.442613 0.110716 0.110716 2 2 3
0.443079 0.110724 0.110724 2 2 3
0.443546 0.110731 0.110731 2 2 3
0.444013 0.110739 0.110739 2 2 3
0.444479 0.110746 0.110746 2 2 3
0.444946 0.110754 0.110754 2 2 3
0.445413 0.110762 0.110762 2 2 3
0.445879 0.110769 0.110769 2 2 3
0.446346 0.110777 0.110777 2 2 3
0.446813 0.110785 0.110785 2 2 3
0.447279 0.110792 0.110792 2 2 3
0.447746 0.1108 0.1108 2 2 3
0.448213 0.110807 0.110807 2 2 3
0.44868 0.110815 0.110815 2 2 3
0.449147 0.110822 0.110822 2 2 3
0.449614 0.11083 0.11083 2 2 3
0.450081 0.110837 0.110837 2 2 3
0.450548 0.110845 0.110845 2 2 3
0.451015 0.110852 0.110852 2 2 3
0.451482 0.11086 0.11086 2 2 3
0.451949 0.110867 0.110867 2 2 3
0.452416 0.110875 0.110875 2 2 3
0.452883 0.110882 0.110882 2 2 3
0.45335 0.11089 0.11089 2 2 3
0.453817 0.110897 0.110897 2 2 3
0.454284 0.110904 0.110904 2 2 3
0.454751 0.110912 0.110912 2 2 3
0.455219 0.110919 0.110919 2 2 3
0.455686 0.110927 0.110927 2 2 3
0.456153 0.110934 0.110934 2 2 3
0.45662 0.110941 0.110941 2 2 3
0.457088 0.110949 0.110949 2 2 3
0.457555 0.110956 0.110956 2 2 3
0.458022 0.110963 0.110963 2 2 3
0.45849 0.110971 0.110971 2 2 3
0.458957 0.110978 0.110978 2 2 3
0.459425 0.110985 0.110985 2 2 3
0.459892 0.110993 0.110993 2 2 3
0.46036 0.111 0.111 2 2 3
0.460827 0.111007 0.111007 2 2 3
0.461295 0.111014 0.111014 2 2 3
0.461762 0.111022 0.111022 2 2 3
0.46223 0.111029 0.111029 2 2 3
0.462697 0.111036 0.111036 2 2 3
0.463165 0.111043 0.111043 2 2 3
0.463633 0.111051 0.111051 2 2 3
0.4641 0.111058 0.111058 2 2 3
0.464568 0.111065 0.111065 2 2 3
0.465036 0.111072 0.111072 2 2 3
0.465504 0.111079 0.111079 2 2 3
0.465971 0.111086 0.111086 2 2 3
0.466439 0.111094 0.111094 2 2 3
0.466907 0.111101 0.111101 2 2 3
0.467375 0.111108 0.111108 2 2 3
0.467843 0.111115 0.111115 2 2 3
0.468311 0.111122 0.111122 2 2 3
0.468779 0.111129 0.111129 2 2 3
0.469247 0.111136 0.111136 2 2 3
0.469715 0.111143 0.111143 2 2 3
0.470183 0.11115 0.11115 2 2 3
0.470651 0.111157 0.111157 2 2 3
0.471119 0.111164 0.111164 2 2 3
0.471587 0.111171 0.111171 2 2 3
0.472055 0.111178 0.111178 2 2 3
0.472523 0.111185 0.111185 2 2 3
0.472992 0.111192 0.111192 2 2 3
0.47346 0.111199 0.111199 2 2 3
0.473928 0.111206 0.111206 2 2 3
0.474396 0.111213 0.111213 2 2 3
0.474865 0.11122 0.11122 2 2 3
0.475333 0.111227 0.111227 2 2 3
0.475801 0.111234 0.111234 2 2 3
0.47627 0.111241 0.111241 2 2 3
0.476738 0.111248 0.111248 2 2 3
0.477206 0.111254 0.111254 2 2 3
0.477675 0.111261 0.111261 2 2 3
0.478143 0.111268 0.111268 2 2 3
0.478612 0.111275 0.111275 2 2 3
0.47908 0.111282 0.111282 2 2 3
0.479549 0.111289 0.111289 2 2 3
0.480017 0.111295 0.111295 2 2 3
0.480486 0.111302 0.111302 2 2 3
0.480954 0.111309 0.111309 2 2 3
0.481423 0.111316 0.111316 2 2 3
0.481892 0.111323 0.111323 2 2 3
0.48236 0.111329 0.111329 2 2 3
0.482829 0.111336 0.111336 2 2 3
0.483298 0.111343 0.111343 2 2 3
0.483767 0.11135 0.11135 2 2 3
0.484235 0.111356 0.111356 2 2 3
0.484704 0.111363 0.111363 2 2 3
0.485173 0.11137 0.11137 2 2 3
0.485642 0.111376 0.111376 2 2 3
0.486111 0.111383 0.111383 2 2 3
0.48658 0.11139 0.11139 2 2 3
0.487049 0.111396 0.111396 2 2 3
0.487517 0.111403 0.111403 2 2 3
0.487986 0.111409 0.111409 2 2 3
0.488455 0.111416 0.111416 2 2 3
0.488924 0.111423 0.111423 2 2 3
0.489393 0.111429 0.111429 2 2 3
0.489863 0.111436 0.111436 2 2 3
0.490332 0.111442 0.111442 2 2 3
0.490801 0.111449 0.111449 2 2 3
0.49127 0.111455 0.111455 2 2 3
0.491739 0.111462 0.111462 2 2 3
0.492208 0.111468 0.111468 2 2 3
0.492677 0.111475 0.111475 2 2 3
0.493147 0.111481 0.111481 2 2 3
0.493616 0.111488 0.111488 2 2 3
0.494085 0.111494 0.111494 2 2 3
0.494555 0.111501 0.111501 2 2 3
0.495024 0.111507 0.111507 2 2 3
0.495493 0.111514 0.111514 2 2 3
0.495963 0.11152 0.11152 2 2 3
0.496432 0.111526 0.111526 2 2 3
0.496901 0.111533 0.111533 2 2 3
0.497371 0.111539 0.111539 2 2 3
0.49784 0.111545 0.111545 2 2 3
0.49831 0.111552 0.111552 2 2 3
0.498779 0.111558 0.111558 2 2 3
0.499249 0.111565 0.111565 2 2 3
0.499718 0.111571 0.111571 2 2 3
0.500188 0.111577 0.111577 2 2 3
0.500658 0.111583 0.111583 2 2 3
0.501127 0.11159 0.11159 2 2 3
0.501597 0.111596 0.111596 2 2 3
0.502067 0.111602 0.111602 2 2 3
0.502536 0.111608 0.111608 2 2 3
0.503006 0.111615 0.111615 2 2 3
0.503476 0.111621 0.111621 2 2 3
0.503946 0.111627 0.111627 2 2 3
0.504415 0.111633 0.111633 2 2 3
0.504885 0.111639 0.111639 2 2 3
0.505355 0.111646 0.111646 2 2 3
0.505825 0.111652 0.111652 2 2 3
0.506295 0.111658 0.111658 2 2 3
0.506765 0.111664 0.111664 2 2 3
0.507235 0.11167 0.11167 2 2 3
0.507705 0.111676 0.111676 2 2 3
0.508175 0.111682 0.111682 2 2 3
0.508645 0.111688 0.111688 2 2 3
0.509115 0.111695 0.111695 2 2 3
0.509585 0.111701 0.111701 2 2 3
0.510055 0.111707 0.111707 2 2 3
0.510525 0.111713 0.111713 2 2 3
0.510995 0.111719 0.111719 2 2 3
0.511465 0.111725 0.111725 2 2 3
0.511936 0.111731 0.111731 2 2 3
0.512406 0.111737 0.111737 2 2 3
0.512876 0.111743 0.111743 2 2 3
0.513346 0.111749 0.111749 2 2 3
0.513816 0.111755 0.111755 2 2 3
0.514287 0.11176 0.11176 2 2 3
0.514757 0.111766 0.111766 2 2 3
0.515227 0.111772 0.111772 2 2 3
0.515698 0.111778 0.111778 2 2 3
0.516168 0.111784 0.111784 2 2 3
0.516639 0.11179 0.11179 2 2 3
0.517109 0.111796 0.111796 2 2 3
0.517579 0.111802 0.111802 2 2 3
0.51805 0.111808 0.111808 2 2 3
0.51852 0.111813 0.111813 2 2 3
0.518991 0.111819 0.111819 2 2 3
0.519461 0.111825 0.111825 2 2 3
0.519932 0.111831 0.111831 2 2 3
0.520403 0.111837 0.111837 2 2 3
0.520873 0.111842 0.111842 2 2 3
0.521344 0.111848 0.111848 2 2 3
0.521815 0.111854 0.111854 2 2 3
0.522285 0.111859 0.111859 2 2 3
0.522756 0.111865 0.111865 2 2 3
0.523227 0.111871 0.111871 2 2 3
0.523697 0.111877 0.111877 2 2 3
0.524168 0.111882 0.111882 2 2 3
0.524639 0.111888 0.111888 2 2 3
0.52511 0.111894 0.111894 2 2 3
0.525581 0.111899 0.111899 2 2 3
0.526051 0.111905 0.111905 2 2 3
0.526522 0.11191 0.11191 2 2 3
0.526993 0.111916 0.111916 2 2 3
0.527464 0.111922 0.111922 2 2 3
0.527935 0.111927 0.111927 2 2 3
0.528406 0.111933 0.111933 2 2 3
0.528877 0.111938 0.111938 2 2 3
0.529348 0.111944 0.111944 2 2 3
0.529819 0.111949 0.111949 2 2 3
0.53029 0.111955 0.111955 2 2 3
0.530761 0.11196 0.11196 2 2 3
0.531232 0.111966 0.111966 2 2 3
0.531703 0.111971 0.111971 2 2 3
0.532175 0.111977 0.111977 2 2 3
0.532646 0.111982 0.111982 2 2 3
0.533117 0.111988 0.111988 2 2 3
0.533588 0.111993 0.111993 2 2 3
0.534059 0.111998 0.111998 2 2 3
0.534531 0.112004 0.112004 2 2 3
0.535002 0.112009 0.112009 2 2 3
0.535473 0.112015 0.112015 2 2 3
0.535945 0.11202 0.11202 2 2 3
0.536416 0.112025 0.112025 2 2 3
0.536887 0.112031 0.112031 2 2 3
0.537359 0.112036 0.112036 2 2 3
0.53783 0.112041 0.112041 2 2 3
0.538302 0.112046 0.112046 2 2 3
0.538773 0.112052 0.112052 2 2 3
0.539245 0.112057 0.112057 2 2 3
0.539716 0.112062 0.112062 2 2 3
0.540188 0.112067 0.112067 2 2 3
0.540659 0.112073 0.112073 2 2 3
0.541131 0.112078 0.112078 2 2 3
0.541602 0.112083 0.112083 2 2 3
0.542074 0.112088 0.112088 2 2 3
0.542545 0.112093 0.112093 2 2 3
0.543017 0.112099 0.112099 2 2 3
0.543489 0.112104 0.112104 2 2 3
0.54396 0.112109 0.112109 2 2 3
0.544432 0.112114 0.112114 2 2 3
0.544904 0.112119 0.112119 2 2 3
0.545376 0.112124 0.112124 2 2 3
0.545847 0.112129 0.112129 2 2 3
0.546319 0.112134 0.112134 2 2 3
0.546791 0.112139 0.112139 2 2 3
0.547263 0.112144 0.112144 2 2 3
0.547735 0.112149 0.112149 2 2 3
0.548207 0.112154 0.112154 2 2 3
0.548679 0.112159 0.112159 2 2 3
0.549151 0.112164 0.112164 2 2 3
0.549623 0.112169 0.112169 2 2 3
0.550095 0.112174 0.112174 2 2 3
0.550567 0.112179 0.112179 2 2 3
0.551039 0.112184 0.112184 2 2 3
0.551511 0.112189 0.112189 2 2 3
0.551983 0.112194 0.112194 2 2 3
0.552455 0.112199 0.112199 2 2 3
0.552927 0.112204 0.112204 2 2 3
0.553399 0.112209 0.112209 2 2 3
0.553871 0.112213 0.112213 2 2 3
0.554343 0.112218 0.112218 2 2 3
0.554815 0.112223 0.112223 2 2 3
0.555288 0.112228 0.112228 2 2 3
0.55576 0.112233 0.112233 2 2 3
0.556232 0.112238 0.112238 2 2 3
0.556704 0.112242 0.112242 2 2 3
0.557177 0.112247 0.112247 2 2 3
0.557649 0.112252 0.112252 2 2 3
0.558121 0.112257 0.112257 2 2 3
0.558594 0.112261 0.112261 2 2 3
0.559066 0.112266 0.112266 2 2 3
0.559538 0.112271 0.112271 2 2 3
0.560011 0.112275 0.112275 2 2 3
0.560483 0.11228 0.11228 2 2 3
0.560956 0.112285 0.112285 2 2 3
0.561428 0.112289 0.112289 2 2 3
0.561901 0.112294 0.112294 2 2 3
0.562373 0.112298 0.112298 2 2 3
0.562846 0.112303 0.112303 2 2 3
0.563318 0.112308 0.112308 2 2 3
0.563791 0.112312 0.112312 2 2 3
0.564264 0.112317 0.112317 2 2 3
0.564736 0.112321 0.112321 2 2 3
0.565209 0.112326 0.112326 2 2 3
0.565682 0.11233 0.11233 2 2 3
0.566154 0.112335 0.112335 2 2 3
0.566627 0.112339 0.112339 2 2 3
0.5671 0.112344 0.112344 2 2 3
0.567572 0.112348 0.112348 2 2 3
0.568045 0.112353 0.112353 2 2 3
0.568518 0.112357 0.112357 2 2 3
0.568991 0.112362 0.112362 2 2 3
0.569464 0.112366 0.112366 2 2 3
0.569936 0.11237 0.11237 2 2 3
0.570409 0.112375 0.112375 2 2 3
0.570882 0.112379 0.112379 2 2 3
0.571355 0.112383 0.112383 2 2 3
0.571828 0.112388 0.112388 2 2 3
0.572301 0.112392 0.112392 2 2 3
0.572774 0.112396 0.112396 2 2 3
0.573247 0.112401 0.112401 2 2 3
0.57372 0.112405 0.112405 2 2 3
0.574193 0.112409 0.112409 2 2 3
0.574666 0.112413 0.112413 2 2 3
0.575139 0.112418 0.112418 2 2 3
0.575612 0.112422 0.112422 2 2 3
0.576085 0.112426 0.112426 2 2 3
0.576559 0.11243 0.11243 2 2 3
0.577032 0.112434 0.112434 2 2 3
0.577505 0.112439 0.112439 2 2 3
0.577978 0.112443 0.112443 2 2 3
0.578451 0.112447 0.112447 2 2 3
0.578925 0.112451 0.112451 2 2 3
0.579398 0.112455 0.112455 2 2 3
0.579871 0.112459 0.112459 2 2 3
0.580344 0.112463 0.112463 2 2 3
0.580818 0.112467 0.112467 2 2 3
0.581291 0.112471 0.112471 2 2 3
0.581764 0.112475 0.112475 2 2 3
0.582238 0.112479 0.112479 2 2 3
0.582711 0.112483 0.112483 2 2 3
0.583185 0.112487 0.112487 2 2 3
0.583658 0.112491 0.112491 2 2 3
0.584132 0.112495 0.112495 2 2 3
0.584605 0.112499 0.112499 2 2 3
0.585079 0.112503 0.112503 2 2 3
0.585552 0.112507 0.112507 2 2 3
0.586026 0.112511 0.112511 2 2 3
0.586499 0.112515 0.112515 2 2 3
0.586973 0.112519 0.112519 2 2 3
0.587446 0.112523 0.112523 2 2 3
0.58792 0.112527 0.112527 2 2 3
0.588394 0.11253 0.11253 2 2 3
0.588867 0.112534 0.112534 2 2 3
0.589341 0.112538 0.112538 2 2 3
0.589815 0.112542 0.112542 2 2 3
0.590288 0.112546 0.112546 2 2 3
0.590762 0.112549 0.112549 2 2 3
0.591236 0.112553 0.112553 2 2 3
0.59171 0.112557 0.112557 2 2 3
0.592183 0.112561 0.112561 2 2 3
0.592657 0.112564 0.112564 2 2 3
0.593131 0.112568 0.112568 2 2 3
0.593605 0.112572 0.112572 2 2 3
0.594079 0.112575 0.112575 2 2 3
0.594553 0.112579 0.112579 2 2 3
0.595027 0.112583 0.112583 2 2 3
0.595501 0.112586 0.112586 2 2 3
0.595974 0.11259 0.11259 2 2 3
0.596448 0.112594 0.112594 2 2 3
0.596922 0.112597 0.112597 2 2 3
0.597396 0.112601 0.112601 2 2 3
0.59787 0.112604 0.112604 2 2 3
0.598345 0.112608 0.112608 2 2 3
0.598819 0.112611 0.112611 2 2 3
0.599293 0.112615 0.112615 2 2 3
0.599767 0.112618 0.112618 2 2 3
0.600241 0.112622 0.112622 2 2 3
0.600715 0.112625 0.112625 2 2 3
0.601189 0.112629 0.112629 2 2 3
0.601663 0.112632 0.112632 2 2 3
0.602138 0.112636 0.112636 2 2 3
0.602612 0.112639 0.112639 2 2 3
0.603086 0.112642 0.112642 2 2 3
0.60356 0.112646 0.112646 2 2 3
0.604035 0.112649 0.112649 2 2 3
0.604509 0.112652 0.112652 2 2 3
0.604983 0.112656 0.112656 2 2 3
0.605458 0.112659 0.112659 2 2 3
0.605932 0.112662 0.112662 2 2 3
0.606406 0.112666 0.112666 2 2 3
0.606881 0.112669 0.112669 2 2 3
0.607355 0.112672 0.112672 2 2 3
0.60783 0.112675 0.112675 2 2 3
0.608304 0.112679 0.112679 2 2 3
0.608778 0.112682 0.112682 2 2 3
0.609253 0.112685 0.112685 2 2 3
0.609727 0.112688 0.112688 2 2 3
0.610202 0.112691 0.112691 2 2 3
0.610677 0.112695 0.112695 2 2 3
0.611151 0.112698 0.112698 2 2 3
0.611626 0.112701 0.112701 2 2 3
0.6121 0.112704 0.112704 2 2 3
0.612575 0.112707 0.112707 2 2 3
0.61305 0.11271 0.11271 2 2 3
0.613524 0.112713 0.112713 2 2 3
0.613999 0.112716 0.112716 2 2 3
0.614474 0.112719 0.112719 2 2 3
0.614948 0.112722 0.112722 2 2 3
0.615423 0.112725 0.112725 2 2 3
0.615898 0.112728 0.112728 2 2 3
0.616373 0.112731 0.112731 2 2 3
0.616847 0.112734 0.112734 2 2 3
0.617322 0.112737 0.112737 2 2 3
0.617797 0.11274 0.11274 2 2 3
0.618272 0.112743 0.112743 2 2 3
0.618747 0.112746 0.112746 2 2 3
0.619222 0.112749 0.112749 2 2 3
0.619696 0.112752 0.112752 2 2 3
0.620171 0.112755 0.112755 2 2 3
0.620646 0.112757 0.112757 2 2 3
0.621121 0.11276 0.11276 2 2 3
0.621596 0.112763 0.112763 2 2 3
0.622071 0.112766 0.112766 2 2 3
0.622546 0.112769 0.112769 2 2 3
0.623021 0.112771 0.112771 2 2 3
0.623496 0.112774 0.112774 2 2 3
0.623971 0.112777 0.112777 2 2 3
0.624447 0.11278 0.11278 2 2 3
0.624922 0.112782 0.112782 2 2 3
0.625397 0.112785 0.112785 2 2 3
0.625872 0.112788 0.112788 2 2 3
0.626347 0.11279 0.11279 2 2 3
0.626822 0.112793 0.112793 2 2 3
0.627297 0.112796 0.112796 2 2 3
0.627773 0.112798 0.112798 2 2 3
0.628248 0.112801 0.112801 2 2 3
0.628723 0.112803 0.112803 2 2 3
0.629198 0.112806 0.112806 2 2 3
0.629674 0.112809 0.112809 2 2 3
0.630149 0.112811 0.112811 2 2 3
0.630624 0.112814 0.112814 2 2 3
0.6311 0.112816 0.112816 2 2 3
0.631575 0.112819 0.112819 2 2 3
0.63205 0.112821 0.112821 2 2 3
0.632526 0.112824 0.112824 2 2 3
0.633001 0.112826 0.112826 2 2 3
0.633477 0.112829 0.112829 2 2 3
0.633952 0.112831 0.112831 2 2 3
0.634428 0.112833 0.112833 2 2 3
0.634903 0.112836 0.112836 2 2 3
0.635379 0.112838 0.112838 2 2 3
0.635854 0.11284 0.11284 2 2 3
0.63633 0.112843 0.112843 2 2 3
0.636805 0.112845 0.112845 2 2 3
0.637281 0.112847 0.112847 2 2 3
0.637756 0.11285 0.11285 2 2 3
0.638232 0.112852 0.112852 2 2 3
0.638708 0.112854 0.112854 2 2 3
0.639183 0.112857 0.112857 2 2 3
0.639659 0.112859 0.112859 2 2 3
0.640135 0.112861 0.112861 2 2 3
0.64061 0.112863 0.112863 2 2 3
0.641086 0.112865 0.112865 2 2 3
0.641562 0.112868 0.112868 2 2 3
0.642038 0.11287 0.11287 2 2 3
0.642513 0.112872 0.112872 2 2 3
0.642989 0.112874 0.112874 2 2 3
0.643465 0.112876 0.112876 2 2 3
0.643941 0.112878 0.112878 2 2 3
0.644417 0.11288 0.11288 2 2 3
0.644892 0.112882 0.112882 2 2 3
0.645368 0.112884 0.112884 2 2 3
0.645844 0.112886 0.112886 2 2 3
0.64632 0.112888 0.112888 2 2 3
0.646796 0.11289 0.11289 2 2 3
0.647272 0.112892 0.112892 2 2 3
0.647748 0.112894 0.112894 2 2 3
0.648224 0.112896 0.112896 2 2 3
0.6487 0.112898 0.112898 2 2 3
0.649176 0.1129 0.1129 2 2 3
0.649652 0.112902 0.112902 2 2 3
0.650128 0.112904 0.112904 2 2 3
0.650604 0.112906 0.112906 2 2 3
0.65108 0.112908 0.112908 2 2 3
0.651556 0.11291 0.11291 2 2 3
0.652032 0.112912 0.112912 2 2 3
0.652509 0.112913 0.112913 2 2 3
0.652985 0.112915 0.112915 2 2 3
0.653461 0.112917 0.112917 2 2 3
0.653937 0.112919 0.112919 2 2 3
0.654413 0.11292 0.11292 2 2 3
0.65489 0.112922 0.112922 2 2 3
0.655366 0.112924 0.112924 2 2 3
0.655842 0.112926 0.112926 2 2 3
0.656318 0.112927 0.112927 2 2 3
0.656795 0.112929 0.112929 2 2 3
0.657271 0.112931 0.112931 2 2 3
0.657747 0.112932 0.112932 2 2 3
0.658224 0.112934 0.112934 2 2 3
0.6587 0.112936 0.112936 2 2 3
0.659176 0.112937 0.112937 2 2 3
0.659653 0.112939 0.112939 2 2 3
0.660129 0.11294 0.11294 2 2 3
0.660606 0.112942 0.112942 2 2 3
0.661082 0.112943 0.112943 2 2 3
0.661559 0.112945 0.112945 2 2 3
0.662035 0.112946 0.112946 2 2 3
0.662512 0.112948 0.112948 2 2 3
0.662988 0.112949 0.112949 2 2 3
0.663465 0.112951 0.112951 2 2 3
0.663941 0.112952 0.112952 2 2 3
0.664418 0.112954 0.112954 2 2 3
0.664894 0.112955 0.112955 2 2 3
0.665371 0.112956 0.112956 2 2 3
0.665848 0.112958 0.112958 2 2 3
0.666324 0.112959 0.112959 2 2 3
0.666801 0.112961 0.112961 2 2 3
0.667278 0.112962 0.112962 2 2 3
0.667754 0.112963 0.112963 2 2 3
0.668231 0.112964 0.112964 2 2 3
0.668708 0.112966 0.112966 2 2 3
0.669185 0.112967 0.112967 2 2 3
0.669661 0.112968 0.112968 2 2 3
0.670138 0.11297 0.11297 2 2 3
0.670615 0.112971 0.112971 2 2 3
0.671092 0.112972 0.112972 2 2 3
0.671568 0.112973 0.112973 2 2 3
0.672045 0.112974 0.112974 2 2 3
0.672522 0.112975 0.112975 2 2 3
0.672999 0.112977 0.112977 2 2 3
0.673476 0.112978 0.112978 2 2 3
0.673953 0.112979 0.112979 2 2 3
0.67443 0.11298 0.11298 2 2 3
0.674907 0.112981 0.112981 2 2 3
0.675384 0.112982 0.112982 2 2 3
0.675861 0.112983 0.112983 2 2 3
0.676338 0.112984 0.112984 2 2 3
0.676815 0.112985 0.112985 2 2 3
0.677292 0.112986 0.112986 2 2 3
0.677769 0.112987 0.112987 2 2 3
0.678246 0.112988 0.112988 2 2 3
0.678723 0.112989 0.112989 2 2 3
0.6792 0.11299 0.11299 2 2 3
0.679677 0.112991 0.112991 2 2 3
0.680154 0.112992 0.112992 2 2 3
0.680631 0.112993 0.112993 2 2 3
0.681109 0.112993 0.112993 2 2 3
0.681586 0.112994 0.112994 2 2 3
0.682063 0.112995 0.112995 2 2 3
0.68254 0.112996 0.112996 2 2 3
0.683017 0.112997 0.112997 2 2 3
0.683495 0.112998 0.112998 2 2 3
0.683972 0.112998 0.112998 2 2 3
0.684449 0.112999 0.112999 2 2 3
0.684926 0.113 0.113 2 2 3
0.685404 0.113001 0.113001 2 2 3
0.685881 0.113001 0.113001 2 2 3
0.686358 0.113002 0.113002 2 2 3
0.686836 0.113003 0.113003 2 2 3
0.687313 0.113003 0.113003 2 2 3
0.687791 0.113004 0.113004 2 2 3
0.688268 0.113004 0.113004 2 2 3
0.688745 0.113005 0.113005 2 2 3
0.689223 0.113006 0.113006 2 2 3
0.6897 0.113006 0.113006 2 2 3
0.690178 0.113007 0.113007 2 2 3
0.690655 0.113007 0.113007 2 2 3
0.691133 0.113008 0.113008 2 2 3
0.69161 0.113008 0.113008 2 2 3
0.692088 0.113009 0.113009 2 2 3
0.692565 0.113009 0.113009 2 2 3
0.693043 0.11301 0.11301 2 2 3
0.693521 0.11301 0.11301 2 2 3
0.693998 0.113011 0.113011 2 2 3
0.694476 0.113011 0.113011 2 2 3
0.694953 0.113011 0.113011 2 2 3
0.695431 0.113012 0.113012 2 2 3
0.695909 0.113012 0.113012 2 2 3
0.696386 0.113013 0.113013 2 2 3
0.696864 0.113013 0.113013 2 2 3
0.697342 0.113013 0.113013 2 2 3
0.69782 0.113013 0.113013 2 2 3
0.698297 0.113014 0.113014 2 2 3
0.698775 0.113014 0.113014 2 2 3
0.699253 0.113014 0.113014 2 2 3
0.699731 0.113015 0.113015 2 2 3
0.700208 0.113015 0.113015 2 2 3
0.700686 0.113015 0.113015 2 2 3
0.701164 0.113015 0.113015 2 2 3
0.701642 0.113015 0.113015 2 2 3
0.70212 0.113015 0.113015 2 2 3
0.702598 0.113016 0.113016 2 2 3
0.703076 0.113016 0.113016 2 2 3
0.703554 0.113016 0.113016 2 2 3
0.704032 0.113016 0.113016 2 2 3
0.704509 0.113016 0.113016 2 2 3
0.704987 0.113016 0.113016 2 2 3
0.705465 0.113016 0.113016 2 2 3
0.705943 0.113016 0.113016 2 2 3
0.706421 0.113016 0.113016 2 2 3
0.706899 0.113016 0.113016 2 2 3
0.707378 0.113016 0.113016 2 2 3
0.707856 0.113016 0.113016 2 2 3
0.708334 0.113016 0.113016 2 2 3
0.708812 0.113016 0.113016 2 2 3
0.70929 0.113016 0.113016 2 2 3
0.709768 0.113016 0.113016 2 2 3
0.710246 0.113015 0.113015 2 2 3
0.710724 0.113015 0.113015 2 2 3
0.711202 0.113015 0.113015 2 2 3
0.711681 0.113015 0.113015 2 2 3
0.712159 0.113015 0.113015 2 2 3
0.712637 0.113014 0.113014 2 2 3
0.713115 0.113014 0.113014 2 2 3
0.713594 0.113014 0.113014 2 2 3
0.714072 0.113014 0.113014 2 2 3
0.71455 0.113013 0.113013 2 2 3
0.715028 0.113013 0.113013 2 2 3
0.715507 0.113013 0.113013 2 2 3
0.715985 0.113012 0.113012 2 2 3
0.716463 0.113012 0.113012 2 2 3
0.716942 0.113012 0.113012 2 2 3
0.71742 0.113011 0.113011 2 2 3
0.717899 0.113011 0.113011 2 2 3
0.718377 0.113011 0.113011 2 2 3
0.718855 0.11301 0.11301 2 2 3
0.719334 0.11301 0.11301 2 2 3
0.719812 0.113009 0.113009 2 2 3
0.720291 0.113009 0.113009 2 2 3
0.720769 0.113008 0.113008 2 2 3
0.721248 0.113008 0.113008 2 2 3
0.721726 0.113007 0.113007 2 2 3
0.722205 0.113007 0.113007 2 2 3
0.722683 0.113006 0.113006 2 2 3
0.723162 0.113005 0.113005 2 2 3
0.723641 0.113005 0.113005 2 2 3
0.724119 0.113004 0.113004 2 2 3
0.724598 0.113004 0.113004 2 2 3
0.725076 0.113003 0.113003 2 2 3
0.725555 0.113002 0.113002 2 2 3
0.726034 0.113002 0.113002 2 2 3
0.726512 0.113001 0.113001 2 2 3
0.726991 0.113 0.113 2 2 3
0.72747 0.112999 0.112999 2 2 3
0.727948 0.112999 0.112999 2 2 3
0.728427 0.112998 0.112998 2 2 3
0.728906 0.112997 0.112997 2 2 3
0.729385 0.112996 0.112996 2 2 3
0.729863 0.112996 0.112996 2 2 3
0.730342 0.112995 0.112995 2 2 3
0.730821 0.112994 0.112994 2 2 3
0.7313 0.112993 0.112993 2 2 3
0.731779 0.112992 0.112992 2 2 3
0.732258 0.112991 0.112991 2 2 3
0.732736 0.11299 0.11299 2 2 3
0.733215 0.112989 0.112989 2 2 3
0.733694 0.112988 0.112988 2 2 3
0.734173 0.112987 0.112987 2 2 3
0.734652 0.112986 0.112986 2 2 3
0.735131 0.112985 0.112985 2 2 3
0.73561 0.112984 0.112984 2 2 3
0.736089 0.112983 0.112983 2 2 3
0.736568 0.112982 0.112982 2 2 3
0.737047 0.112981 0.112981 2 2 3
0.737526 0.11298 0.11298 2 2 3
0.738005 0.112979 0.112979 2 2 3
0.738484 0.112978 0.112978 2 2 3
0.738963 0.112977 0.112977 2 2 3
0.739442 0.112976 0.112976 2 2 3
0.739921 0.112974 0.112974 2 2 3
0.7404 0.112973 0.112973 2 2 3
0.740879 0.112972 0.112972 2 2 3
0.741359 0.112971 0.112971 2 2 3
0.741838 0.11297 0.11297 2 2 3
0.742317 0.112968 0.112968 2 2 3
0.742796 0.112967 0.112967 2 2 3
0.743275 0.112966 0.112966 2 2 3
0.743755 0.112964 0.112964 2 2 3
0.744234 0.112963 0.112963 2 2 3
0.744713 0.112962 0.112962 2 2 3
0.745192 0.11296 0.11296 2 2 3
0.745672 0.112959 0.112959 2 2 3
0.746151 0.112958 0.112958 2 2 3
0.74663 0.112956 0.112956 2 2 3
0.747109 0.112955 0.112955 2 2 3
0.747589 0.112953 0.112953 2 2 3
0.748068 0.112952 0.112952 2 2 3
0.748547 0.11295 0.11295 2 2 3
0.749027 0.112949 0.112949 2 2 3
0.749506 0.112947 0.112947 2 2 3
0.749986 0.112946 0.112946 2 2 3
0.750465 0.112944 0.112944 2 2 3
0.750944 0.112943 0.112943 2 2 3
0.751424 0.112941 0.112941 2 2 3
0.751903 0.11294 0.11294 2 2 3
0.752383 0.112938 0.112938 2 2 3
0.752862 0.112936 0.112936 2 2 3
0.753342 0.112935 0.112935 2 2 3
0.753821 0.112933 0.112933 2 2 3
0.754301 0.112931 0.112931 2 2 3
0.75478 0.11293 0.11293 2 2 3
0.75526 0.112928 0.112928 2 2 3
0.75574 0.112926 0.112926 2 2 3
0.756219 0.112925 0.112925 2 2 3
0.756699 0.112923 0.112923 2 2 3
0.757178 0.112921 0.112921 2 2 3
0.757658 0.112919 0.112919 2 2 3
0.758138 0.112917 0.112917 2 2 3
0.758617 0.112916 0.112916 2 2 3
0.759097 0.112914 0.112914 2 2 3
0.759577 0.112912 0.112912 2 2 3
0.760056 0.11291 0.11291 2 2 3
0.760536 0.112908 0.112908 2 2 3
0.761016 0.112906 0.112906 2 2 3
0.761496 0.112904 0.112904 2 2 3
0.761975 0.112902 0.112902 2 2 3
0.762455 0.1129 0.1129 2 2 3
0.762935 0.112898 0.112898 2 2 3
0.763415 0.112896 0.112896 2 2 3
0.763895 0.112894 0.112894 2 2 3
0.764374 0.112892 0.112892 2 2 3
0.764854 0.11289 0.11289 2 2 3
0.765334 0.112888 0.112888 2 2 3
0.765814 0.112886 0.112886 2 2 3
0.766294 0.112884 0.112884 2 2 3
0.766774 0.112882 0.112882 2 2 3
0.767254 0.11288 0.11288 2 2 3
0.767734 0.112877 0.112877 2 2 3
0.768214 0.112875 0.112875 2 2 3
0.768694 0.112873 0.112873 2 2 3
0.769174 0.112871 0.112871 2 2 3
0.769654 0.112869 0.112869 2 2 3
0.770134 0.112866 0.112866 2 2 3
0.770614 0.112864 0.112864 2 2 3
0.771094 0.112862 0.112862 2 2 3
0.771574 0.112859 0.112859 2 2 3
0.772054 0.112857 0.112857 2 2 3
0.772534 0.112855 0.112855 2 2 3
0.773014 0.112852 0.112852 2 2 3
0.773494 0.11285 0.11285 2 2 3
0.773974 0.112848 0.112848 2 2 3
0.774454 0.112845 0.112845 2 2 3
0.774935 0.112843 0.112843 2 2 3
0.775415 0.11284 0.11284 2 2 3
0.775895 0.112838 0.112838 2 2 3
0.776375 0.112836 0.112836 2 2 3
0.776855 0.112833 0.112833 2 2 3
0.777336 0.112831 0.112831 2 2 3
0.777816 0.112828 0.112828 2 2 3
0.778296 0.112825 0.112825 2 2 3
0.778776 0.112823 0.112823 2 2 3
0.779257 0.11282 0.11282 2 2 3
0.779737 0.112818 0.112818 2 2 3
0.780217 0.112815 0.112815 2 2 3
0.780697 0.112812 0.112812 2 2 3
0.781178 0.11281 0.11281 2 2 3
0.781658 0.112807 0.112807 2 2 3
0.782139 0.112804 0.112804 2 2 3
0.782619 0.112802 0.112802 2 2 3
0.783099 0.112799 0.112799 2 2 3
0.78358 0.112796 0.112796 2 2 3
0.78406 0.112794 0.112794 2 2 3
0.784541 0.112791 0.112791 2 2 3
0.785021 0.112788 0.112788 2 2 3
0.785501 0.112785 0.112785 2 2 3
0.785982 0.112782 0.112782 2 2 3
0.786462 0.11278 0.11278 2 2 3
0.786943 0.112777 0.112777 2 2 3
0.787423 0.112774 0.112774 2 2 3
0.787904 0.112771 0.112771 2 2 3
0.788385 0.112768 0.112768 2 2 3
0.788865 0.112765 0.112765 2 2 3
0.789346 0.112762 0.112762 2 2 3
0.789826 0.112759 0.112759 2 2 3
0.790307 0.112756 0.112756 2 2 3
0.790787 0.112753 0.112753 2 2 3
0.791268 0.11275 0.11275 2 2 3
0.791749 0.112747 0.112747 2 2 3
0.792229 0.112744 0.112744 2 2 3
0.79271 0.112741 0.112741 2 2 3
0.793191 0.112738 0.112738 2 2 3
0.793671 0.112735 0.112735 2 2 3
0.794152 0.112732 0.112732 2 2 3
0.794633 0.112729 0.112729 2 2 3
0.795114 0.112726 0.112726 2 2 3
0.795594 0.112722 0.112722 2 2 3
0.796075 0.112719 0.112719 2 2 3
0.796556 0.112716 0.112716 2 2 3
0.797037 0.112713 0.112713 2 2 3
0.797517 0.11271 0.11271 2 2 3
0.797998 0.112706 0.112706 2 2 3
0.798479 0.112703 0.112703 2 2 3
0.79896 0.1127 0.1127 2 2 3
0.799441 0.112697 0.112697 2 2 3
0.799922 0.112693 0.112693 2 2 3
0.800403 0.11269 0.11269 2 2 3
0.800883 0.112687 0.112687 2 2 3
0.801364 0.112683 0.112683 2 2 3
0.801845 0.11268 0.11268 2 2 3
0.802326 0.112676 0.112676 2 2 3
0.802807 0.112673 0.112673 2 2 3
0.803288 0.112669 0.112669 2 2 3
0.803769 0.112666 0.112666 2 2 3
0.80425 0.112663 0.112663 2 2 3
0.804731 0.112659 0.112659 2 2 3
0.805212 0.112656 0.112656 2 2 3
0.805693 0.112652 0.112652 2 2 3
0.806174 0.112648 0.112648 2 2 3
0.806655 0.112645 0.112645 2 2 3
0.807136 0.112641 0.112641 2 2 3
0.807617 0.112638 0.112638 2 2 3
0.808099 0.112634 0.112634 2 2 3
0.80858 0.11263 0.11263 2 2 3
0.809061 0.112627 0.112627 2 2 3
0.809542 0.112623 0.112623 2 2 3
0.810023 0.112619 0.112619 2 2 3
0.810504 0.112616 0.112616 2 2 3
0.810985 0.112612 0.112612 2 2 3
0.811467 0.112608 0.112608 2 2 3
0.811948 0.112605 0.112605 2 2 3
0.812429 0.112601 0.112601 2 2 3
0.81291 0.112597 0.112597 2 2 3
0.813392 0.112593 0.112593 2 2 3
0.813873 0.112589 0.112589 2 2 3
0.814354 0.112586 0.112586 2 2 3
0.814835 0.112582 0.112582 2 2 3
0.815317 0.112578 0.112578 2 2 3
0.815798 0.112574 0.112574 2 2 3
0.816279 0.11257 0.11257 2 2 3
0.816761 0.112566 0.112566 2 2 3
0.817242 0.112562 0.112562 2 2 3
0.817723 0.112558 0.112558 2 2 3
0.818205 0.112554 0.112554 2 2 3
0.818686 0.11255 0.11255 2 2 3
0.819168 0.112546 0.112546 2 2 3
0.819649 0.112542 0.112542 2 2 3
0.82013 0.112538 0.112538 2 2 3
0.820612 0.112534 0.112534 2 2 3
0.821093 0.11253 0.11253 2 2 3
0.821575 0.112526 0.112526 2 2 3
0.822056 0.112522 0.112522 2 2 3
0.822538 0.112518 0.112518 2 2 3
0.823019 0.112513 0.112513 2 2 3
0.823501 0.112509 0.112509 2 2 3
0.823982 0.112505 0.112505 2 2 3
0.824464 0.112501 0.112501 2 2 3
0.824946 0.112497 0.112497 2 2 3
0.825427 0.112492 0.112492 2 2 3
0.825909 0.112488 0.112488 2 2 3
0.82639 0.112484 0.112484 2 2 3
0.826872 0.11248 0.11248 2 2 3
0.827354 0.112475 0.112475 2 2 3
0.827835 0.112471 0.112471 2 2 3
0.828317 0.112467 0.112467 2 2 3
0.828799 0.112462 0.112462 2 2 3
0.82928 0.112458 0.112458 2 2 3
0.829762 0.112453 0.112453 2 2 3
0.830244 0.112449 0.112449 2 2 3
0.830725 0.112445 0.112445 2 2 3
0.831207 0.11244 0.11244 2 2 3
0.831689 0.112436 0.112436 2 2 3
0.832171 0.112431 0.112431 2 2 3
0.832652 0.112427 0.112427 2 2 3
0.833134 0.112422 0.112422 2 2 3
0.833616 0.112418 0.112418 2 2 3
0.834098 0.112413 0.112413 2 2 3
0.83458 0.112409 0.112409 2 2 3
0.835061 0.112404 0.112404 2 2 3
0.835543 0.112399 0.112399 2 2 3
0.836025 0.112395 0.112395 2 2 3
0.836507 0.11239 0.11239 2 2 3
0.836989 0.112385 0.112385 2 2 3
0.837471 0.112381 0.112381 2 2 3
0.837953 0.112376 0.112376 2 2 3
0.838435 0.112371 0.112371 2 2 3
0.838917 0.112367 0.112367 2 2 3
0.839399 0.112362 0.112362 2 2 3
0.839881 0.112357 0.112357 2 2 3
0.840363 0.112352 0.112352 2 2 3
0.840845 0.112348 0.112348 2 2 3
0.841327 0.112343 0.112343 2 2 3
0.841809 0.112338 0.112338 2 2 3
0.842291 0.112333 0.112333 2 2 3
0.842773 0.112328 0.112328 2 2 3
0.843255 0.112323 0.112323 2 2 3
0.843737 0.112318 0.112318 2 2 3
0.844219 0.112313 0.112313 2 2 3
0.844701 0.112309 0.112309 2 2 3
0.845183 0.112304 0.112304 2 2 3
0.845665 0.112299 0.112299 2 2 3
0.846147 0.112294 0.112294 2 2 3
0.846629 0.112289 0.112289 2 2 3
0.847112 0.112284 0.112284 2 2 3
0.847594 0.112279 0.112279 2 2 3
0.848076 0.112273 0.112273 2 2 3
0.848558 0.112268 0.112268 2 2 3
0.84904 0.112263 0.112263 2 2 3
0.849523 0.112258 0.112258 2 2 3
0.850005 0.112253 0.112253 2 2 3
0.850487 0.112248 0.112248 2 2 3
0.850969 0.112243 0.112243 2 2 3
0.851452 0.112238 0.112238 2 2 3
0.851934 0.112232 0.112232 2 2 3
0.852416 0.112227 0.112227 2 2 3
0.852899 0.112222 0.112222 2 2 3
0.853381 0.112217 0.112217 2 2 3
0.853863 0.112211 0.112211 2 2 3
0.854346 0.112206 0.112206 2 2 3
0.854828 0.112201 0.112201 2 2 3
0.85531 0.112196 0.112196 2 2 3
0.855793 0.11219 0.11219 2 2 3
0.856275 0.112185 0.112185 2 2 3
0.856757 0.112179 0.112179 2 2 3
0.85724 0.112174 0.112174 2 2 3
0.857722 0.112169 0.112169 2 2 3
0.858205 0.112163 0.112163 2 2 3
0.858687 0.112158 0.112158 2 2 3
0.85917 0.112152 0.112152 2 2 3
0.859652 0.112147 0.112147 2 2 3
0.860135 0.112141 0.112141 2 2 3
0.860617 0.112136 0.112136 2 2 3
0.8611 0.11213 0.11213 2 2 3
0.861582 0.112125 0.112125 2 2 3
0.862065 0.112119 0.112119 2 2 3
0.862547 0.112114 0.112114 2 2 3
0.86303 0.112108 0.112108 2 2 3
0.863513 0.112102 0.112102 2 2 3
0.863995 0.112097 0.112097 2 2 3
0.864478 0.112091 0.112091 2 2 3
0.86496 0.112086 0.112086 2 2 3
0.865443 0.11208 0.11208 2 2 3
0.865926 0.112074 0.112074 2 2 3
0.866408 0.112068 0.112068 2 2 3
0.866891 0.112063 0.112063 2 2 3
0.867374 0.112057 0.112057 2 2 3
0.867856 0.112051 0.112051 2 2 3
0.868339 0.112045 0.112045 2 2 3
0.868822 0.11204 0.11204 2 2 3
0.869305 0.112034 0.112034 2 2 3
0.869787 0.112028 0.112028 2 2 3
0.87027 0.112022 0.112022 2 2 3
0.870753 0.112016 0.112016 2 2 3
0.871236 0.11201 0.11201 2 2 3
0.871719 0.112004 0.112004 2 2 3
0.872201 0.111998 0.111998 2 2 3
0.872684 0.111993 0.111993 2 2 3
0.873167 0.111987 0.111987 2 2 3
0.87365 0.111981 0.111981 2 2 3
0.874133 0.111975 0.111975 2 2 3
0.874616 0.111969 0.111969 2 2 3
0.875098 0.111963 0.111963 2 2 3
0.875581 0.111957 0.111957 2 2 3
0.876064 0.11195 0.11195 2 2 3
0.876547 0.111944 0.111944 2 2 3
0.87703 0.111938 0.111938 2 2 3
0.877513 0.111932 0.111932 2 2 3
0.877996 0.111926 0.111926 2 2 3
0.878479 0.11192 0.11192 2 2 3
0.878962 0.111914 0.111914 2 2 3
0.879445 0.111908 0.111908 2 2 3
0.879928 0.111901 0.111901 2 2 3
0.880411 0.111895 0.111895 2 2 3
0.880894 0.111889 0.111889 2 2 3
0.881377 0.111883 0.111883 2 2 3
0.88186 0.111876 0.111876 2 2 3
0.882343 0.11187 0.11187 2 2 3
0.882826 0.111864 0.111864 2 2 3
0.883309 0.111857 0.111857 2 2 3
0.883792 0.111851 0.111851 2 2 3
0.884276 0.111845 0.111845 2 2 3
0.884759 0.111838 0.111838 2 2 3
0.885242 0.111832 0.111832 2 2 3
0.885725 0.111826 0.111826 2 2 3
0.886208 0.111819 0.111819 2 2 3
0.886691 0.111813 0.111813 2 2 3
0.887175 0.111806 0.111806 2 2 3
0.887658 0.1118 0.1118 2 2 3
0.888141 0.111793 0.111793 2 2 3
0.888624 0.111787 0.111787 2 2 3
0.889107 0.11178 0.11178 2 2 3
0.889591 0.111774 0.111774 2 2 3
0.890074 0.111767 0.111767 2 2 3
0.890557 0.111761 0.111761 2 2 3
0.891041 0.111754 0.111754 2 2 3
0.891524 0.111747 0.111747 2 2 3
0.892007 0.111741 0.111741 2 2 3
0.89249 0.111734 0.111734 2 2 3
0.892974 0.111727 0.111727 2 2 3
0.893457 0.111721 0.111721 2 2 3
0.893941 0.111714 0.111714 2 2 3
0.894424 0.111707 0.111707 2 2 3
0.894907 0.111701 0.111701 2 2 3
0.895391 0.111694 0.111694 2 2 3
0.895874 0.111687 0.111687 2 2 3
0.896357 0.11168 0.11168 2 2 3
0.896841 0.111673 0.111673 2 2 3
0.897324 0.111667 0.111667 2 2 3
0.897808 0.11166 0.11166 2 2 3
0.898291 0.111653 0.111653 2 2 3
0.898775 0.111646 0.111646 2 2 3
0.899258 0.111639 0.111639 2 2 3
0.899742 0.111632 0.111632 2 2 3
0.900225 0.111625 0.111625 2 2 3
0.900709 0.111618 0.111618 2 2 3
0.901192 0.111612 0.111612 2 2 3
0.901676 0.111605 0.111605 2 2 3
0.902159 0.111598 0.111598 2 2 3
0.902643 0.111591 0.111591 2 2 3
0.903127 0.111584 0.111584 2 2 3
0.90361 0.111576 0.111576 2 2 3
0.904094 0.111569 0.111569 2 2 3
0.904577 0.111562 0.111562 2 2 3
0.905061 0.111555 0.111555 2 2 3
0.905545 0.111548 0.111548 2 2 3
0.906028 0.111541 0.111541 2 2 3
0.906512 0.111534 0.111534 2 2 3
0.906996 0.111527 0.111527 2 2 3
0.907479 0.11152 0.11152 2 2 3
0.907963 0.111512 0.111512 2 2 3
0.908447 0.111505 0.111505 2 2 3
0.908931 0.111498 0.111498 2 2 3
0.909414 0.111491 0.111491 2 2 3
0.909898 0.111483 0.111483 2 2 3
0.910382 0.111476 0.111476 2 2 3
0.910866 0.111469 0.111469 2 2 3
0.911349 0.111462 0.111462 2 2 3
0.911833 0.111454 0.111454 2 2 3
0.912317 0.111447 0.111447 2 2 3
0.912801 0.111439 0.111439 2 2 3
0.913285 0.111432 0.111432 2 2 3
0.913769 0.111425 0.111425 2 2 3
0.914252 0.111417 0.111417 2 2 3
0.914736 0.11141 0.11141 2 2 3
0.91522 0.111402 0.111402 2 2 3
0.915704 0.111395 0.111395 2 2 3
0.916188 0.111387 0.111387 2 2 3
0.916672 0.11138 0.11138 2 2 3
0.917156 0.111372 0.111372 2 2 3
0.91764 0.111365 0.111365 2 2 3
0.918124 0.111357 0.111357 2 2 3
0.918608 0.11135 0.11135 2 2 3
0.919092 0.111342 0.111342 2 2 3
0.919576 0.111335 0.111335 2 2 3
0.92006 0.111327 0.111327 2 2 3
0.920544 0.111319 0.111319 2 2 3
0.921028 0.111312 0.111312 2 2 3
0.921512 0.111304 0.111304 2 2 3
0.921996 0.111296 0.111296 2 2 3
0.92248 0.111289 0.111289 2 2 3
0.922964 0.111281 0.111281 2 2 3
0.923448 0.111273 0.111273 2 2 3
0.923932 0.111265 0.111265 2 2 3
0.924416 0.111258 0.111258 2 2 3
0.9249 0.11125 0.11125 2 2 3
0.925384 0.111242 0.111242 2 2 3
0.925868 0.111234 0.111234 2 2 3
0.926353 0.111226 0.111226 2 2 3
0.926837 0.111219 0.111219 2 2 3
0.927321 0.111211 0.111211 2 2 3
0.927805 0.111203 0.111203 2 2 3
0.928289 0.111195 0.111195 2 2 3
0.928774 0.111187 0.111187 2 2 3
0.929258 0.111179 0.111179 2 2 3
0.929742 0.111171 0.111171 2 2 3
0.930226 0.111163 0.111163 2 2 3
0.93071 0.111155 0.111155 2 2 3
0.931195 0.111147 0.111147 2 2 3
0.931679 0.111139 0.111139 2 2 3
0.932163 0.111131 0.111131 2 2 3
0.932648 0.111123 0.111123 2 2 3
0.933132 0.111115 0.111115 2 2 3
0.933616 0.111107 0.111107 2 2 3
0.934101 0.111099 0.111099 2 2 3
0.934585 0.111091 0.111091 2 2 3
0.935069 0.111083 0.111083 2 2 3
0.935554 0.111074 0.111074 2 2 3
0.936038 0.111066 0.111066 2 2 3
0.936522 0.111058 0.111058 2 2 3
0.937007 0.11105 0.11105 2 2 3
0.937491 0.111042 0.111042 2 2 3
0.937976 0.111033 0.111033 2 2 3
0.93846 0.111025 0.111025 2 2 3
0.938945 0.111017 0.111017 2 2 3
0.939429 0.111009 0.111009 2 2 3
0.939913 0.111 0.111 2 2 3
0.940398 0.110992 0.110992 2 2 3
0.940882 0.110984 0.110984 2 2 3
0.941367 0.110975 0.110975 2 2 3
0.941851 0.110967 0.110967 2 2 3
0.942336 0.110959 0.110959 2 2 3
0.942821 0.11095 0.11095 2 2 3
0.943305 0.110942 0.110942 2 2 3
0.94379 0.110933 0.110933 2 2 3
0.944274 0.110925 0.110925 2 2 3
0.944759 0.110916 0.110916 2 2 3
0.945243 0.110908 0.110908 2 2 3
0.945728 0.110899 0.110899 2 2 3
0.946213 0.110891 0.110891 2 2 3
0.946697 0.110882 0.110882 2 2 3
0.947182 0.110874 0.110874 2 2 3
0.947667 0.110865 0.110865 2 2 3
0.948151 0.110857 0.110857 2 2 3
0.948636 0.110848 0.110848 2 2 3
0.949121 0.110839 0.110839 2 2 3
0.949605 0.110831 0.110831 2 2 3
0.95009 0.110822 0.110822 2 2 3
0.950575 0.110813 0.110813 2 2 3
0.951059 0.110805 0.110805 2 2 3
0.951544 0.110796 0.110796 2 2 3
0.952029 0.110787 0.110787 2 2 3
0.952514 0.110779 0.110779 2 2 3
0.952998 0.11077 0.11077 2 2 3
0.953483 0.110761 0.110761 2 2 3
0.953968 0.110752 0.110752 2 2 3
0.954453 0.110744 0.110744 2 2 3
0.954938 0.110735 0.110735 2 2 3
0.955423 0.110726 0.110726 2 2 3
0.955907 0.110717 0.110717 2 2 3
0.956392 0.110708 0.110708 2 2 3
0.956877 0.110699 0.110699 2 2 3
0.957362 0.11069 0.11069 2 2 3
0.957847 0.110682 0.110682 2 2 3
0.958332 0.110673 0.110673 2 2 3
0.958817 0.110664 0.110664 2 2 3
0.959302 0.110655 0.110655 2 2 3
0.959787 0.110646 0.110646 2 2 3
0.960271 0.110637 0.110637 2 2 3
0.960756 0.110628 0.110628 2 2 3
0.961241 0.110619 0.110619 2 2 3
0.961726 0.11061 0.11061 2 2 3
0.962211 0.110601 0.110601 2 2 3
0.962696 0.110591 0.110591 2 2 3
0.963181 0.110582 0.110582 2 2 3
0.963666 0.110573 0.110573 2 2 3
0.964151 0.110564 0.110564 2 2 3
0.964636 0.110555 0.110555 2 2 3
0.965122 0.110546 0.110546 2 2 3
0.965607 0.110537 0.110537 2 2 3
0.966092 0.110528 0.110528 2 2 3
0.966577 0.110518 0.110518 2 2 3
0.967062 0.110509 0.110509 2 2 3
0.967547 0.1105 0.1105 2 2 3
0.968032 0.110491 0.110491 2 2 3
0.968517 0.110481 0.110481 2 2 3
0.969002 0.110472 0.110472 2 2 3
0.969488 0.110463 0.110463 2 2 3
0.969973 0.110453 0.110453 2 2 3
0.970458 0.110444 0.110444 2 2 3
0.970943 0.110435 0.110435 2 2 3
0.971428 0.110425 0.110425 2 2 3
0.971913 0.110416 0.110416 2 2 3
0.972399 0.110407 0.110407 2 2 3
0.972884 0.110397 0.110397 2 2 3
0.973369 0.110388 0.110388 2 2 3
0.973854 0.110378 0.110378 2 2 3
0.97434 0.110369 0.110369 2 2 3
0.974825 0.110359 0.110359 2 2 3
0.97531 0.11035 0.11035 2 2 3
0.975796 0.11034 0.11034 2 2 3
0.976281 0.110331 0.110331 2 2 3
0.976766 0.110321 0.110321 2 2 3
0.977251 0.110312 0.110312 2 2 3
0.977737 0.110302 0.110302 2 2 3
0.978222 0.110293 0.110293 2 2 3
0.978708 0.110283 0.110283 2 2 3
0.979193 0.110273 0.110273 2 2 3
0.979678 0.110264 0.110264 2 2 3
0.980164 0.110254 0.110254 2 2 3
0.980649 0.110244 0.110244 2 2 3
0.981135 0.110235 0.110235 2 2 3
0.98162 0.110225 0.110225 2 2 3
0.982105 0.110215 0.110215 2 2 3
0.982591 0.110206 0.110206 2 2 3
0.983076 0.110196 0.110196 2 2 3
0.983562 0.110186 0.110186 2 2 3
0.984047 0.110176 0.110176 2 2 3
0.984533 0.110166 0.110166 2 2 3
0.985018 0.110157 0.110157 2 2 3
0.985504 0.110147 0.110147 2 2 3
0.985989 0.110137 0.110137 2 2 3
0.986475 0.110127 0.110127 2 2 3
0.98696 0.110117 0.110117 2 2 3
0.987446 0.110107 0.110107 2 2 3
0.987932 0.110097 0.110097 2 2 3
0.988417 0.110087 0.110087 2 2 3
0.988903 0.110078 0.110078 2 2 3
0.989388 0.110068 0.110068 2 2 3
0.989874 0.110058 0.110058 2 2 3
0.99036 0.110048 0.110048 2 2 3
0.990845 0.110038 0.110038 2 2 3
0.991331 0.110028 0.110028 2 2 3
0.991817 0.110018 0.110018 2 2 3
0.992302 0.110008 0.110008 2 2 3
0.992788 0.109997 0.109997 2 2 3
0.993274 0.109987 0.109987 2 2 3
0.993759 0.109977 0.109977 2 2 3
0.994245 0.109967 0.109967 2 2 3
0.994731 0.109957 0.109957 2 2 3
0.995216 0.109947 0.109947 2 2 3
0.995702 0.109937 0.109937 2 2 3
0.996188 0.109927 0.109927 2 2 3
0.996674 0.109916 0.109916 2 2 3
0.997159 0.109906 0.109906 2 2 3
0.997645 0.109896 0.109896 2 2 3
0.998131 0.109886 0.109886 2 2 3
0.998617 0.109875 0.109875 2 2 3
0.999103 0.109865 0.109865 2 2 3
0.999589 0.109855 0.109855 2 2 3
1.00007 0.109845 0.109845 2 2 3
