0 0.1 0.1 2 2 3
1.07663e-05 0.0999996 0.0999996 2 2 3
2.19153e-05 0.1 0.1 2 2 3
4.36194e-05 0.1 0.1 2 2 3
8.72537e-05 0.100001 0.100001 2 2 3
0.000174518 0.100001 0.100001 2 2 3
0.000349053 0.100003 0.100003 2 2 3
0.00069812 0.100005 0.100005 2 2 3
0.00119395 0.100009 0.100009 2 2 3
0.00168979 0.100012 0.100012 2 2 3
0.00218562 0.100016 0.100016 2 2 3
0.00268145 0.100019 0.100019 2 2 3
0.00317728 0.100023 0.100023 2 2 3
0.00367312 0.100027 0.100027 2 2 3
0.00416895 0.10003 0.10003 2 2 3
0.00466478 0.100034 0.100034 2 2 3
0.00516061 0.100037 0.100037 2 2 3
0.00565645 0.100041 0.100041 2 2 3
0.00615228 0.100045 0.100045 2 2 3
0.00664811 0.100048 0.100048 2 2 3
0.00714394 0.100052 0.100052 2 2 3
0.00763977 0.100055 0.100055 2 2 3
0.0081356 0.100059 0.100059 2 2 3
0.00863143 0.100062 0.100062 2 2 3
0.00912726 0.100066 0.100066 2 2 3
0.0096231 0.100069 0.100069 2 2 3
0.0101189 0.100073 0.100073 2 2 3
0.0106148 0.100077 0.100077 2 2 3
0.0111106 0.10008 0.10008 2 2 3
0.0116064 0.100084 0.100084 2 2 3
0.0121022 0.100087 0.100087 2 2 3
0.0125981 0.100091 0.100091 2 2 3
0.0130939 0.100094 0.100094 2 2 3
0.0135897 0.100098 0.100098 2 2 3
0.0140856 0.100101 0.100101 2 2 3
0.0145814 0.100105 0.100105 2 2 3
0.0150772 0.100108 0.100108 2 2 3
0.015573 0.100112 0.100112 2 2 3
0.0160689 0.100115 0.100115 2 2 3
0.0165647 0.100119 0.100119 2 2 3
0.0170605 0.100122 0.100122 2 2 3
0.0175564 0.100126 0.100126 2 2 3
0.0180522 0.10013 0.10013 2 2 3
0.018548 0.100133 0.100133 2 2 3
0.0190438 0.100137 0.100137 2 2 3
0.0195397 0.10014 0.10014 2 2 3
0.0200355 0.100144 0.100144 2 2 3
0.0205313 0.100147 0.100147 2 2 3
0.0210272 0.100151 0.100151 2 2 3
0.021523 0.100154 0.100154 2 2 3
0.0220188 0.100158 0.100158 2 2 3
0.0225146 0.100161 0.100161 2 2 3
0.0230105 0.100165 0.100165 2 2 3
0.0235063 0.100168 0.100168 2 2 3
0.0240021 0.100171 0.100171 2 2 3
0.0244979 0.100175 0.100175 2 2 3
0.0249938 0.100178 0.100178 2 2 3
0.0254896 0.100182 0.100182 2 2 3
0.0259854 0.100185 0.100185 2 2 3
0.0264812 0.100189 0.100189 2 2 3
0.0269771 0.100192 0.100192 2 2 3
0.0274729 0.100196 0.100196 2 2 3
0.0279687 0.100199 0.100199 2 2 3
0.0284645 0.100203 0.100203 2 2 3
0.0289604 0.100206 0.100206 2 2 3
0.0294562 0.10021 0.10021 2 2 3
0.029952 0.100213 0.100213 2 2 3
0.0304478 0.100217 0.100217 2 2 3
0.0309437 0.10022 0.10022 2 2 3
0.0314395 0.100223 0.100223 2 2 3
0.0319353 0.100227 0.100227 2 2 3
0.0324311 0.10023 0.10023 2 2 3
0.032927 0.100234 0.100234 2 2 3
0.0334228 0.100237 0.100237 2 2 3
0.0339186 0.100241 0.100241 2 2 3
0.0344144 0.100244 0.100244 2 2 3
0.0349103 0.100248 0.100248 2 2 3
0.0354061 0.100251 0.100251 2 2 3
0.0359019 0.100254 0.100254 2 2 3
0.0363977 0.100258 0.100258 2 2 3
0.0368935 0.100261 0.100261 2 2 3
0.0373894 0.100265 0.100265 2 2 3
0.0378852 0.100268 0.100268 2 2 3
0.038381 0.100271 0.100271 2 2 3
0.0388768 0.100275 0.100275 2 2 3
0.0393727 0.100278 0.100278 2 2 3
0.0398685 0.100282 0.100282 2 2 3
0.0403643 0.100285 0.100285 2 2 3
0.0408601 0.100288 0.100288 2 2 3
0.0413559 0.100292 0.100292 2 2 3
0.0418518 0.100295 0.100295 2 2 3
0.0423476 0.100299 0.100299 2 2 3
0.0428434 0.100302 0.100302 2 2 3
0.0433392 0.100305 0.100305 2 2 3
0.043835 0.100309 0.100309 2 2 3
0.0443309 0.100312 0.100312 2 2 3
0.0448267 0.100316 0.100316 2 2 3
0.0453225 0.100319 0.100319 2 2 3
0.0458183 0.100322 0.100322 2 2 3
0.0463141 0.100326 0.100326 2 2 3
0.04681 0.100329 0.100329 2 2 3
0.0473058 0.100332 0.100332 2 2 3
0.0478016 0.100336 0.100336 2 2 3
0.0482974 0.100339 0.100339 2 2 3
0.0487932 0.100342 0.100342 2 2 3
0.0492891 0.100346 0.100346 2 2 3
0.0497849 0.100349 0.100349 2 2 3
0.0502807 0.100353 0.100353 2 2 3
0.0507765 0.100356 0.100356 2 2 3
0.0512723 0.100359 0.100359 2 2 3
0.0517681 0.100363 0.100363 2 2 3
0.052264 0.100366 0.100366 2 2 3
0.0527598 0.100369 0.100369 2 2 3
0.0532556 0.100373 0.100373 2 2 3
0.0537514 0.100376 0.100376 2 2 3
0.0542472 0.100379 0.100379 2 2 3
0.0547431 0.100383 0.100383 2 2 3
0.0552389 0.100386 0.100386 2 2 3
0.0557347 0.100389 0.100389 2 2 3
0.0562305 0.100393 0.100393 2 2 3
0.0567263 0.100396 0.100396 2 2 3
0.0572221 0.100399 0.100399 2 2 3
0.057718 0.100402 0.100402 2 2 3
0.0582138 0.100406 0.100406 2 2 3
0.0587096 0.100409 0.100409 2 2 3
0.0592054 0.100412 0.100412 2 2 3
0.0597012 0.100416 0.100416 2 2 3
0.060197 0.100419 0.100419 2 2 3
0.0606929 0.100422 0.100422 2 2 3
0.0611887 0.100426 0.100426 2 2 3
0.0616845 0.100429 0.100429 2 2 3
0.0621803 0.100432 0.100432 2 2 3
0.0626761 0.100435 0.100435 2 2 3
0.0631719 0.100439 0.100439 2 2 3
0.0636677 0.100442 0.100442 2 2 3
0.0641636 0.100445 0.100445 2 2 3
0.0646594 0.100449 0.100449 2 2 3
0.0651552 0.100452 0.100452 2 2 3
0.065651 0.100455 0.100455 2 2 3
0.0661468 0.100458 0.100458 2 2 3
0.0666426 0.100462 0.100462 2 2 3
0.0671385 0.100465 0.100465 2 2 3
0.0676343 0.100468 0.100468 2 2 3
0.0681301 0.100471 0.100471 2 2 3
0.0686259 0.100475 0.100475 2 2 3
0.0691217 0.100478 0.100478 2 2 3
0.0696175 0.100481 0.100481 2 2 3
0.0701133 0.100484 0.100484 2 2 3
0.0706091 0.100488 0.100488 2 2 3
0.071105 0.100491 0.100491 2 2 3
0.0716008 0.100494 0.100494 2 2 3
0.0720966 0.100497 0.100497 2 2 3
0.0725924 0.100501 0.100501 2 2 3
0.0730882 0.100504 0.100504 2 2 3
0.073584 0.100507 0.100507 2 2 3
0.0740798 0.10051 0.10051 2 2 3
0.0745757 0.100513 0.100513 2 2 3
0.0750715 0.100517 0.100517 2 2 3
0.0755673 0.10052 0.10052 2 2 3
0.0760631 0.100523 0.100523 2 2 3
0.0765589 0.100526 0.100526 2 2 3
0.0770547 0.10053 0.10053 2 2 3
0.0775505 0.100533 0.100533 2 2 3
0.0780463 0.100536 0.100536 2 2 3
0.0785422 0.100539 0.100539 2 2 3
0.079038 0.100542 0.100542 2 2 3
0.0795338 0.100546 0.100546 2 2 3
0.0800296 0.100549 0.100549 2 2 3
0.0805254 0.100552 0.100552 2 2 3
0.0810212 0.100555 0.100555 2 2 3
0.081517 0.100558 0.100558 2 2 3
0.0820128 0.100562 0.100562 2 2 3
0.0825086 0.100565 0.100565 2 2 3
0.0830045 0.100568 0.100568 2 2 3
0.0835003 0.100571 0.100571 2 2 3
0.0839961 0.100574 0.100574 2 2 3
0.0844919 0.100577 0.100577 2 2 3
0.0849877 0.100581 0.100581 2 2 3
0.0854835 0.100584 0.100584 2 2 3
0.0859793 0.100587 0.100587 2 2 3
0.0864751 0.10059 0.10059 2 2 3
0.0869709 0.100593 0.100593 2 2 3
0.0874667 0.100596 0.100596 2 2 3
0.0879626 0.100599 0.100599 2 2 3
0.0884584 0.100603 0.100603 2 2 3
0.0889542 0.100606 0.100606 2 2 3
0.08945 0.100609 0.100609 2 2 3
0.0899458 0.100612 0.100612 2 2 3
0.0904416 0.100615 0.100615 2 2 3
0.0909374 0.100618 0.100618 2 2 3
0.0914332 0.100621 0.100621 2 2 3
0.091929 0.100625 0.100625 2 2 3
0.0924248 0.100628 0.100628 2 2 3
0.0929206 0.100631 0.100631 2 2 3
0.0934165 0.100634 0.100634 2 2 3
0.0939123 0.100637 0.100637 2 2 3
0.0944081 0.10064 0.10064 2 2 3
0.0949039 0.100643 0.100643 2 2 3
0.0953997 0.100646 0.100646 2 2 3
0.0958955 0.10065 0.10065 2 2 3
0.0963913 0.100653 0.100653 2 2 3
0.0968871 0.100656 0.100656 2 2 3
0.0973829 0.100659 0.100659 2 2 3
0.0978787 0.100662 0.100662 2 2 3
0.0983745 0.100665 0.100665 2 2 3
0.0988703 0.100668 0.100668 2 2 3
0.0993661 0.100671 0.100671 2 2 3
0.099862 0.100674 0.100674 2 2 3
0.100358 0.100677 0.100677 2 2 3
0.100854 0.10068 0.10068 2 2 3
0.101349 0.100684 0.100684 2 2 3
0.101845 0.100687 0.100687 2 2 3
0.102341 0.10069 0.10069 2 2 3
0.102837 0.100693 0.100693 2 2 3
0.103333 0.100696 0.100696 2 2 3
0.103828 0.100699 0.100699 2 2 3
0.104324 0.100702 0.100702 2 2 3
0.10482 0.100705 0.100705 2 2 3
0.105316 0.100708 0.100708 2 2 3
0.105812 0.100711 0.100711 2 2 3
0.106307 0.100714 0.100714 2 2 3
0.106803 0.100717 0.100717 2 2 3
0.107299 0.10072 0.10072 2 2 3
0.107795 0.100723 0.100723 2 2 3
0.108291 0.100726 0.100726 2 2 3
0.108786 0.100729 0.100729 2 2 3
0.109282 0.100732 0.100732 2 2 3
0.109778 0.100735 0.100735 2 2 3
0.110274 0.100738 0.100738 2 2 3
0.11077 0.100741 0.100741 2 2 3
0.111266 0.100744 0.100744 2 2 3
0.111761 0.100748 0.100748 2 2 3
0.112257 0.100751 0.100751 2 2 3
0.112753 0.100754 0.100754 2 2 3
0.113249 0.100757 0.100757 2 2 3
0.113745 0.10076 0.10076 2 2 3
0.11424 0.100763 0.100763 2 2 3
0.114736 0.100766 0.100766 2 2 3
0.115232 0.100769 0.100769 2 2 3
0.115728 0.100772 0.100772 2 2 3
0.116224 0.100775 0.100775 2 2 3
0.116719 0.100778 0.100778 2 2 3
0.117215 0.100781 0.100781 2 2 3
0.117711 0.100784 0.100784 2 2 3
0.118207 0.100787 0.100787 2 2 3
0.118703 0.100789 0.100789 2 2 3
0.119198 0.100792 0.100792 2 2 3
0.119694 0.100795 0.100795 2 2 3
0.12019 0.100798 0.100798 2 2 3
0.120686 0.100801 0.100801 2 2 3
0.121182 0.100804 0.100804 2 2 3
0.121677 0.100807 0.100807 2 2 3
0.122173 0.10081 0.10081 2 2 3
0.122669 0.100813 0.100813 2 2 3
0.123165 0.100816 0.100816 2 2 3
0.123661 0.100819 0.100819 2 2 3
0.124156 0.100822 0.100822 2 2 3
0.124652 0.100825 0.100825 2 2 3
0.125148 0.100828 0.100828 2 2 3
0.125644 0.100831 0.100831 2 2 3
0.12614 0.100834 0.100834 2 2 3
0.126635 0.100837 0.100837 2 2 3
0.127131 0.10084 0.10084 2 2 3
0.127627 0.100843 0.100843 2 2 3
0.128123 0.100846 0.100846 2 2 3
0.128619 0.100849 0.100849 2 2 3
0.129114 0.100851 0.100851 2 2 3
0.12961 0.100854 0.100854 2 2 3
0.130106 0.100857 0.100857 2 2 3
0.130602 0.10086 0.10086 2 2 3
0.131098 0.100863 0.100863 2 2 3
0.131593 0.100866 0.100866 2 2 3
0.132089 0.100869 0.100869 2 2 3
0.132585 0.100872 0.100872 2 2 3
0.133081 0.100875 0.100875 2 2 3
0.133577 0.100878 0.100878 2 2 3
0.134072 0.100881 0.100881 2 2 3
0.134568 0.100883 0.100883 2 2 3
0.135064 0.100886 0.100886 2 2 3
0.13556 0.100889 0.100889 2 2 3
0.136056 0.100892 0.100892 2 2 3
0.136551 0.100895 0.100895 2 2 3
0.137047 0.100898 0.100898 2 2 3
0.137543 0.100901 0.100901 2 2 3
0.138039 0.100904 0.100904 2 2 3
0.138535 0.100906 0.100906 2 2 3
0.13903 0.100909 0.100909 2 2 3
0.139526 0.100912 0.100912 2 2 3
0.140022 0.100915 0.100915 2 2 3
0.140518 0.100918 0.100918 2 2 3
0.141014 0.100921 0.100921 2 2 3
0.141509 0.100924 0.100924 2 2 3
0.142005 0.100926 0.100926 2 2 3
0.142501 0.100929 0.100929 2 2 3
0.142997 0.100932 0.100932 2 2 3
0.143493 0.100935 0.100935 2 2 3
0.143988 0.100938 0.100938 2 2 3
0.144484 0.100941 0.100941 2 2 3
0.14498 0.100943 0.100943 2 2 3
0.145476 0.100946 0.100946 2 2 3
0.145972 0.100949 0.100949 2 2 3
0.146467 0.100952 0.100952 2 2 3
0.146963 0.100955 0.100955 2 2 3
0.147459 0.100958 0.100958 2 2 3
0.147955 0.10096 0.10096 2 2 3
0.148451 0.100963 0.100963 2 2 3
0.148946 0.100966 0.100966 2 2 3
0.149442 0.100969 0.100969 2 2 3
0.149938 0.100972 0.100972 2 2 3
0.150434 0.100974 0.100974 2 2 3
0.15093 0.100977 0.100977 2 2 3
0.151425 0.10098 0.10098 2 2 3
0.151921 0.100983 0.100983 2 2 3
0.152417 0.100986 0.100986 2 2 3
0.152913 0.100988 0.100988 2 2 3
0.153409 0.100991 0.100991 2 2 3
0.153904 0.100994 0.100994 2 2 3
0.1544 0.100997 0.100997 2 2 3
0.154896 0.100999 0.100999 2 2 3
0.155392 0.101002 0.101002 2 2 3
0.155888 0.101005 0.101005 2 2 3
0.156383 0.101008 0.101008 2 2 3
0.156879 0.101011 0.101011 2 2 3
0.157375 0.101013 0.101013 2 2 3
0.157871 0.101016 0.101016 2 2 3
0.158367 0.101019 0.101019 2 2 3
0.158862 0.101022 0.101022 2 2 3
0.159358 0.101024 0.101024 2 2 3
0.159854 0.101027 0.101027 2 2 3
0.16035 0.10103 0.10103 2 2 3
0.160846 0.101033 0.101033 2 2 3
0.161341 0.101035 0.101035 2 2 3
0.161837 0.101038 0.101038 2 2 3
0.162333 0.101041 0.101041 2 2 3
0.162829 0.101043 0.101043 2 2 3
0.163325 0.101046 0.101046 2 2 3
0.16382 0.101049 0.101049 2 2 3
0.164316 0.101052 0.101052 2 2 3
0.164812 0.101054 0.101054 2 2 3
0.165308 0.101057 0.101057 2 2 3
0.165804 0.10106 0.10106 2 2 3
0.166299 0.101063 0.101063 2 2 3
0.166795 0.101065 0.101065 2 2 3
0.167291 0.101068 0.101068 2 2 3
0.167787 0.101071 0.101071 2 2 3
0.168283 0.101073 0.101073 2 2 3
0.168778 0.101076 0.101076 2 2 3
0.169274 0.101079 0.101079 2 2 3
0.16977 0.101081 0.101081 2 2 3
0.170266 0.101084 0.101084 2 2 3
0.170762 0.101087 0.101087 2 2 3
0.171257 0.101089 0.101089 2 2 3
0.171753 0.101092 0.101092 2 2 3
0.172249 0.101095 0.101095 2 2 3
0.172745 0.101097 0.101097 2 2 3
0.173241 0.1011 0.1011 2 2 3
0.173736 0.101103 0.101103 2 2 3
0.174232 0.101105 0.101105 2 2 3
0.174728 0.101108 0.101108 2 2 3
0.175224 0.101111 0.101111 2 2 3
0.17572 0.101113 0.101113 2 2 3
0.176215 0.101116 0.101116 2 2 3
0.176711 0.101119 0.101119 2 2 3
0.177207 0.101121 0.101121 2 2 3
0.177703 0.101124 0.101124 2 2 3
0.178199 0.101127 0.101127 2 2 3
0.178694 0.101129 0.101129 2 2 3
0.17919 0.101132 0.101132 2 2 3
0.179686 0.101135 0.101135 2 2 3
0.180182 0.101137 0.101137 2 2 3
0.180678 0.10114 0.10114 2 2 3
0.181173 0.101142 0.101142 2 2 3
0.181669 0.101145 0.101145 2 2 3
0.182165 0.101148 0.101148 2 2 3
0.182661 0.10115 0.10115 2 2 3
0.183157 0.101153 0.101153 2 2 3
0.183652 0.101155 0.101155 2 2 3
0.184148 0.101158 0.101158 2 2 3
0.184644 0.101161 0.101161 2 2 3
0.18514 0.101163 0.101163 2 2 3
0.185636 0.101166 0.101166 2 2 3
0.186131 0.101168 0.101168 2 2 3
0.186627 0.101171 0.101171 2 2 3
0.187123 0.101174 0.101174 2 2 3
0.187619 0.101176 0.101176 2 2 3
0.188115 0.101179 0.101179 2 2 3
0.18861 0.101181 0.101181 2 2 3
0.189106 0.101184 0.101184 2 2 3
0.189602 0.101186 0.101186 2 2 3
0.190098 0.101189 0.101189 2 2 3
0.190594 0.101192 0.101192 2 2 3
0.191089 0.101194 0.101194 2 2 3
0.191585 0.101197 0.101197 2 2 3
0.192081 0.101199 0.101199 2 2 3
0.192577 0.101202 0.101202 2 2 3
0.193073 0.101204 0.101204 2 2 3
0.193568 0.101207 0.101207 2 2 3
0.194064 0.101209 0.101209 2 2 3
0.19456 0.101212 0.101212 2 2 3
0.195056 0.101215 0.101215 2 2 3
0.195552 0.101217 0.101217 2 2 3
0.196047 0.10122 0.10122 2 2 3
0.196543 0.101222 0.101222 2 2 3
0.197039 0.101225 0.101225 2 2 3
0.197535 0.101227 0.101227 2 2 3
0.198031 0.10123 0.10123 2 2 3
0.198526 0.101232 0.101232 2 2 3
0.199022 0.101235 0.101235 2 2 3
0.199518 0.101237 0.101237 2 2 3
0.200014 0.10124 0.10124 2 2 3
0.20051 0.101242 0.101242 2 2 3
0.201005 0.101245 0.101245 2 2 3
0.201501 0.101247 0.101247 2 2 3
0.201997 0.10125 0.10125 2 2 3
0.202493 0.101252 0.101252 2 2 3
0.202989 0.101255 0.101255 2 2 3
0.203484 0.101257 0.101257 2 2 3
0.20398 0.10126 0.10126 2 2 3
0.204476 0.101262 0.101262 2 2 3
0.204972 0.101265 0.101265 2 2 3
0.205467 0.101267 0.101267 2 2 3
0.205963 0.10127 0.10127 2 2 3
0.206459 0.101272 0.101272 2 2 3
0.206955 0.101275 0.101275 2 2 3
0.207451 0.101277 0.101277 2 2 3
0.207946 0.101279 0.101279 2 2 3
0.208442 0.101282 0.101282 2 2 3
0.208938 0.101284 0.101284 2 2 3
0.209434 0.101287 0.101287 2 2 3
0.20993 0.101289 0.101289 2 2 3
0.210425 0.101292 0.101292 2 2 3
0.210921 0.101294 0.101294 2 2 3
0.211417 0.101297 0.101297 2 2 3
0.211913 0.101299 0.101299 2 2 3
0.212409 0.101301 0.101301 2 2 3
0.212904 0.101304 0.101304 2 2 3
0.2134 0.101306 0.101306 2 2 3
0.213896 0.101309 0.101309 2 2 3
0.214392 0.101311 0.101311 2 2 3
0.214888 0.101314 0.101314 2 2 3
0.215383 0.101316 0.101316 2 2 3
0.215879 0.101318 0.101318 2 2 3
0.216375 0.101321 0.101321 2 2 3
0.216871 0.101323 0.101323 2 2 3
0.217367 0.101326 0.101326 2 2 3
0.217862 0.101328 0.101328 2 2 3
0.218358 0.10133 0.10133 2 2 3
0.218854 0.101333 0.101333 2 2 3
0.21935 0.101335 0.101335 2 2 3
0.219846 0.101337 0.101337 2 2 3
0.220341 0.10134 0.10134 2 2 3
0.220837 0.101342 0.101342 2 2 3
0.221333 0.101345 0.101345 2 2 3
0.221829 0.101347 0.101347 2 2 3
0.222325 0.101349 0.101349 2 2 3
0.22282 0.101352 0.101352 2 2 3
0.223316 0.101354 0.101354 2 2 3
0.223812 0.101356 0.101356 2 2 3
0.224308 0.101359 0.101359 2 2 3
0.224804 0.101361 0.101361 2 2 3
0.225299 0.101364 0.101364 2 2 3
0.225795 0.101366 0.101366 2 2 3
0.226291 0.101368 0.101368 2 2 3
0.226787 0.101371 0.101371 2 2 3
0.227283 0.101373 0.101373 2 2 3
0.227778 0.101375 0.101375 2 2 3
0.228274 0.101378 0.101378 2 2 3
0.22877 0.10138 0.10138 2 2 3
0.229266 0.101382 0.101382 2 2 3
0.229762 0.101385 0.101385 2 2 3
0.230257 0.101387 0.101387 2 2 3
0.230753 0.101389 0.101389 2 2 3
0.231249 0.101391 0.101391 2 2 3
0.231745 0.101394 0.101394 2 2 3
0.232241 0.101396 0.101396 2 2 3
0.232736 0.101398 0.101398 2 2 3
0.233232 0.101401 0.101401 2 2 3
0.233728 0.101403 0.101403 2 2 3
0.234224 0.101405 0.101405 2 2 3
0.23472 0.101408 0.101408 2 2 3
0.235215 0.10141 0.10141 2 2 3
0.235711 0.101412 0.101412 2 2 3
0.236207 0.101414 0.101414 2 2 3
0.236703 0.101417 0.101417 2 2 3
0.237199 0.101419 0.101419 2 2 3
0.237694 0.101421 0.101421 2 2 3
0.23819 0.101424 0.101424 2 2 3
0.238686 0.101426 0.101426 2 2 3
0.239182 0.101428 0.101428 2 2 3
0.239678 0.10143 0.10143 2 2 3
0.240173 0.101433 0.101433 2 2 3
0.240669 0.101435 0.101435 2 2 3
0.241165 0.101437 0.101437 2 2 3
0.241661 0.101439 0.101439 2 2 3
0.242157 0.101442 0.101442 2 2 3
0.242652 0.101444 0.101444 2 2 3
0.243148 0.101446 0.101446 2 2 3
0.243644 0.101448 0.101448 2 2 3
0.24414 0.101451 0.101451 2 2 3
0.244636 0.101453 0.101453 2 2 3
0.245131 0.101455 0.101455 2 2 3
0.245627 0.101457 0.101457 2 2 3
0.246123 0.101459 0.101459 2 2 3
0.246619 0.101462 0.101462 2 2 3
0.247115 0.101464 0.101464 2 2 3
0.24761 0.101466 0.101466 2 2 3
0.248106 0.101468 0.101468 2 2 3
0.248602 0.10147 0.10147 2 2 3
0.249098 0.101473 0.101473 2 2 3
0.249594 0.101475 0.101475 2 2 3
0.250089 0.101477 0.101477 2 2 3
0.250585 0.101479 0.101479 2 2 3
0.251081 0.101481 0.101481 2 2 3
0.251577 0.101484 0.101484 2 2 3
0.252073 0.101486 0.101486 2 2 3
0.252568 0.101488 0.101488 2 2 3
0.253064 0.10149 0.10149 2 2 3
0.25356 0.101492 0.101492 2 2 3
0.254056 0.101495 0.101495 2 2 3
0.254552 0.101497 0.101497 2 2 3
0.255047 0.101499 0.101499 2 2 3
0.255543 0.101501 0.101501 2 2 3
0.256039 0.101503 0.101503 2 2 3
0.256535 0.101505 0.101505 2 2 3
0.257031 0.101507 0.101507 2 2 3
0.257526 0.10151 0.10151 2 2 3
0.258022 0.101512 0.101512 2 2 3
0.258518 0.101514 0.101514 2 2 3
0.259014 0.101516 0.101516 2 2 3
0.25951 0.101518 0.101518 2 2 3
0.260005 0.10152 0.10152 2 2 3
0.260501 0.101522 0.101522 2 2 3
0.260997 0.101525 0.101525 2 2 3
0.261493 0.101527 0.101527 2 2 3
0.261989 0.101529 0.101529 2 2 3
0.262484 0.101531 0.101531 2 2 3
0.26298 0.101533 0.101533 2 2 3
0.263476 0.101535 0.101535 2 2 3
0.263972 0.101537 0.101537 2 2 3
0.264468 0.101539 0.101539 2 2 3
0.264963 0.101541 0.101541 2 2 3
0.265459 0.101544 0.101544 2 2 3
0.265955 0.101546 0.101546 2 2 3
0.266451 0.101548 0.101548 2 2 3
0.266947 0.10155 0.10155 2 2 3
0.267442 0.101552 0.101552 2 2 3
0.267938 0.101554 0.101554 2 2 3
0.268434 0.101556 0.101556 2 2 3
0.26893 0.101558 0.101558 2 2 3
0.269426 0.10156 0.10156 2 2 3
0.269921 0.101562 0.101562 2 2 3
0.270417 0.101564 0.101564 2 2 3
0.270913 0.101566 0.101566 2 2 3
0.271409 0.101568 0.101568 2 2 3
0.271905 0.10157 0.10157 2 2 3
0.2724 0.101573 0.101573 2 2 3
0.272896 0.101575 0.101575 2 2 3
0.273392 0.101577 0.101577 2 2 3
0.273888 0.101579 0.101579 2 2 3
0.274384 0.101581 0.101581 2 2 3
0.274879 0.101583 0.101583 2 2 3
0.275375 0.101585 0.101585 2 2 3
0.275871 0.101587 0.101587 2 2 3
0.276367 0.101589 0.101589 2 2 3
0.276863 0.101591 0.101591 2 2 3
0.277358 0.101593 0.101593 2 2 3
0.277854 0.101595 0.101595 2 2 3
0.27835 0.101597 0.101597 2 2 3
0.278846 0.101599 0.101599 2 2 3
0.279342 0.101601 0.101601 2 2 3
0.279837 0.101603 0.101603 2 2 3
0.280333 0.101605 0.101605 2 2 3
0.280829 0.101607 0.101607 2 2 3
0.281325 0.101609 0.101609 2 2 3
0.281821 0.101611 0.101611 2 2 3
0.282316 0.101613 0.101613 2 2 3
0.282812 0.101615 0.101615 2 2 3
0.283308 0.101617 0.101617 2 2 3
0.283804 0.101619 0.101619 2 2 3
0.2843 0.101621 0.101621 2 2 3
0.284795 0.101623 0.101623 2 2 3
0.285291 0.101625 0.101625 2 2 3
0.285787 0.101627 0.101627 2 2 3
0.286283 0.101629 0.101629 2 2 3
0.286779 0.101631 0.101631 2 2 3
0.287274 0.101633 0.101633 2 2 3
0.28777 0.101635 0.101635 2 2 3
0.288266 0.101636 0.101636 2 2 3
0.288762 0.101638 0.101638 2 2 3
0.289258 0.10164 0.10164 2 2 3
0.289753 0.101642 0.101642 2 2 3
0.290249 0.101644 0.101644 2 2 3
0.290745 0.101646 0.101646 2 2 3
0.291241 0.101648 0.101648 2 2 3
0.291737 0.10165 0.10165 2 2 3
0.292232 0.101652 0.101652 2 2 3
0.292728 0.101654 0.101654 2 2 3
0.293224 0.101656 0.101656 2 2 3
0.29372 0.101658 0.101658 2 2 3
0.294216 0.10166 0.10166 2 2 3
0.294711 0.101661 0.101661 2 2 3
0.295207 0.101663 0.101663 2 2 3
0.295703 0.101665 0.101665 2 2 3
0.296199 0.101667 0.101667 2 2 3
0.296695 0.101669 0.101669 2 2 3
0.297191 0.101671 0.101671 2 2 3
0.297686 0.101673 0.101673 2 2 3
0.298182 0.101675 0.101675 2 2 3
0.298678 0.101677 0.101677 2 2 3
0.299174 0.101678 0.101678 2 2 3
0.29967 0.10168 0.10168 2 2 3
0.300165 0.101682 0.101682 2 2 3
0.300661 0.101684 0.101684 2 2 3
0.301157 0.101686 0.101686 2 2 3
0.301653 0.101688 0.101688 2 2 3
0.302149 0.10169 0.10169 2 2 3
0.302644 0.101692 0.101692 2 2 3
0.30314 0.101693 0.101693 2 2 3
0.303636 0.101695 0.101695 2 2 3
0.304132 0.101697 0.101697 2 2 3
0.304628 0.101699 0.101699 2 2 3
0.305123 0.101701 0.101701 2 2 3
0.305619 0.101703 0.101703 2 2 3
0.306115 0.101704 0.101704 2 2 3
0.306611 0.101706 0.101706 2 2 3
0.307107 0.101708 0.101708 2 2 3
0.307602 0.10171 0.10171 2 2 3
0.308098 0.101712 0.101712 2 2 3
0.308594 0.101713 0.101713 2 2 3
0.30909 0.101715 0.101715 2 2 3
0.309586 0.101717 0.101717 2 2 3
0.310082 0.101719 0.101719 2 2 3
0.310577 0.101721 0.101721 2 2 3
0.311073 0.101723 0.101723 2 2 3
0.311569 0.101724 0.101724 2 2 3
0.312065 0.101726 0.101726 2 2 3
0.312561 0.101728 0.101728 2 2 3
0.313056 0.10173 0.10173 2 2 3
0.313552 0.101731 0.101731 2 2 3
0.314048 0.101733 0.101733 2 2 3
0.314544 0.101735 0.101735 2 2 3
0.31504 0.101737 0.101737 2 2 3
0.315535 0.101739 0.101739 2 2 3
0.316031 0.10174 0.10174 2 2 3
0.316527 0.101742 0.101742 2 2 3
0.317023 0.101744 0.101744 2 2 3
0.317519 0.101746 0.101746 2 2 3
0.318014 0.101747 0.101747 2 2 3
0.31851 0.101749 0.101749 2 2 3
0.319006 0.101751 0.101751 2 2 3
0.319502 0.101753 0.101753 2 2 3
0.319998 0.101754 0.101754 2 2 3
0.320494 0.101756 0.101756 2 2 3
0.320989 0.101758 0.101758 2 2 3
0.321485 0.101759 0.101759 2 2 3
0.321981 0.101761 0.101761 2 2 3
0.322477 0.101763 0.101763 2 2 3
0.322973 0.101765 0.101765 2 2 3
0.323468 0.101766 0.101766 2 2 3
0.323964 0.101768 0.101768 2 2 3
0.32446 0.10177 0.10177 2 2 3
0.324956 0.101771 0.101771 2 2 3
0.325452 0.101773 0.101773 2 2 3
0.325947 0.101775 0.101775 2 2 3
0.326443 0.101777 0.101777 2 2 3
0.326939 0.101778 0.101778 2 2 3
0.327435 0.10178 0.10178 2 2 3
0.327931 0.101782 0.101782 2 2 3
0.328427 0.101783 0.101783 2 2 3
0.328922 0.101785 0.101785 2 2 3
0.329418 0.101787 0.101787 2 2 3
0.329914 0.101788 0.101788 2 2 3
0.33041 0.10179 0.10179 2 2 3
0.330906 0.101792 0.101792 2 2 3
0.331401 0.101793 0.101793 2 2 3
0.331897 0.101795 0.101795 2 2 3
0.332393 0.101797 0.101797 2 2 3
0.332889 0.101798 0.101798 2 2 3
0.333385 0.1018 0.1018 2 2 3
0.33388 0.101801 0.101801 2 2 3
0.334376 0.101803 0.101803 2 2 3
0.334872 0.101805 0.101805 2 2 3
0.335368 0.101806 0.101806 2 2 3
0.335864 0.101808 0.101808 2 2 3
0.33636 0.10181 0.10181 2 2 3
0.336855 0.101811 0.101811 2 2 3
0.337351 0.101813 0.101813 2 2 3
0.337847 0.101814 0.101814 2 2 3
0.338343 0.101816 0.101816 2 2 3
0.338839 0.101818 0.101818 2 2 3
0.339334 0.101819 0.101819 2 2 3
0.33983 0.101821 0.101821 2 2 3
0.340326 0.101822 0.101822 2 2 3
0.340822 0.101824 0.101824 2 2 3
0.341318 0.101826 0.101826 2 2 3
0.341814 0.101827 0.101827 2 2 3
0.342309 0.101829 0.101829 2 2 3
0.342805 0.10183 0.10183 2 2 3
0.343301 0.101832 0.101832 2 2 3
0.343797 0.101834 0.101834 2 2 3
0.344293 0.101835 0.101835 2 2 3
0.344788 0.101837 0.101837 2 2 3
0.345284 0.101838 0.101838 2 2 3
0.34578 0.10184 0.10184 2 2 3
0.346276 0.101841 0.101841 2 2 3
0.346772 0.101843 0.101843 2 2 3
0.347268 0.101844 0.101844 2 2 3
0.347763 0.101846 0.101846 2 2 3
0.348259 0.101848 0.101848 2 2 3
0.348755 0.101849 0.101849 2 2 3
0.349251 0.101851 0.101851 2 2 3
0.349747 0.101852 0.101852 2 2 3
0.350242 0.101854 0.101854 2 2 3
0.350738 0.101855 0.101855 2 2 3
0.351234 0.101857 0.101857 2 2 3
0.35173 0.101858 0.101858 2 2 3
0.352226 0.10186 0.10186 2 2 3
0.352722 0.101861 0.101861 2 2 3
0.353217 0.101863 0.101863 2 2 3
0.353713 0.101864 0.101864 2 2 3
0.354209 0.101866 0.101866 2 2 3
0.354705 0.101867 0.101867 2 2 3
0.355201 0.101869 0.101869 2 2 3
0.355696 0.10187 0.10187 2 2 3
0.356192 0.101872 0.101872 2 2 3
0.356688 0.101873 0.101873 2 2 3
0.357184 0.101875 0.101875 2 2 3
0.35768 0.101876 0.101876 2 2 3
0.358176 0.101878 0.101878 2 2 3
0.358671 0.101879 0.101879 2 2 3
0.359167 0.101881 0.101881 2 2 3
0.359663 0.101882 0.101882 2 2 3
0.360159 0.101884 0.101884 2 2 3
0.360655 0.101885 0.101885 2 2 3
0.36115 0.101886 0.101886 2 2 3
0.361646 0.101888 0.101888 2 2 3
0.362142 0.101889 0.101889 2 2 3
0.362638 0.101891 0.101891 2 2 3
0.363134 0.101892 0.101892 2 2 3
0.36363 0.101894 0.101894 2 2 3
0.364125 0.101895 0.101895 2 2 3
0.364621 0.101897 0.101897 2 2 3
0.365117 0.101898 0.101898 2 2 3
0.365613 0.101899 0.101899 2 2 3
0.366109 0.101901 0.101901 2 2 3
0.366605 0.101902 0.101902 2 2 3
0.3671 0.101904 0.101904 2 2 3
0.367596 0.101905 0.101905 2 2 3
0.368092 0.101906 0.101906 2 2 3
0.368588 0.101908 0.101908 2 2 3
0.369084 0.101909 0.101909 2 2 3
0.36958 0.101911 0.101911 2 2 3
0.370075 0.101912 0.101912 2 2 3
0.370571 0.101913 0.101913 2 2 3
0.371067 0.101915 0.101915 2 2 3
0.371563 0.101916 0.101916 2 2 3
0.372059 0.101918 0.101918 2 2 3
0.372554 0.101919 0.101919 2 2 3
0.37305 0.10192 0.10192 2 2 3
0.373546 0.101922 0.101922 2 2 3
0.374042 0.101923 0.101923 2 2 3
0.374538 0.101924 0.101924 2 2 3
0.375034 0.101926 0.101926 2 2 3
0.375529 0.101927 0.101927 2 2 3
0.376025 0.101928 0.101928 2 2 3
0.376521 0.10193 0.10193 2 2 3
0.377017 0.101931 0.101931 2 2 3
0.377513 0.101932 0.101932 2 2 3
0.378009 0.101934 0.101934 2 2 3
0.378504 0.101935 0.101935 2 2 3
0.379 0.101936 0.101936 2 2 3
0.379496 0.101938 0.101938 2 2 3
0.379992 0.101939 0.101939 2 2 3
0.380488 0.10194 0.10194 2 2 3
0.380984 0.101942 0.101942 2 2 3
0.381479 0.101943 0.101943 2 2 3
0.381975 0.101944 0.101944 2 2 3
0.382471 0.101946 0.101946 2 2 3
0.382967 0.101947 0.101947 2 2 3
0.383463 0.101948 0.101948 2 2 3
0.383959 0.10195 0.10195 2 2 3
0.384454 0.101951 0.101951 2 2 3
0.38495 0.101952 0.101952 2 2 3
0.385446 0.101953 0.101953 2 2 3
0.385942 0.101955 0.101955 2 2 3
0.386438 0.101956 0.101956 2 2 3
0.386934 0.101957 0.101957 2 2 3
0.387429 0.101958 0.101958 2 2 3
0.387925 0.10196 0.10196 2 2 3
0.388421 0.101961 0.101961 2 2 3
0.388917 0.101962 0.101962 2 2 3
0.389413 0.101963 0.101963 2 2 3
0.389909 0.101965 0.101965 2 2 3
0.390404 0.101966 0.101966 2 2 3
0.3909 0.101967 0.101967 2 2 3
0.391396 0.101968 0.101968 2 2 3
0.391892 0.10197 0.10197 2 2 3
0.392388 0.101971 0.101971 2 2 3
0.392884 0.101972 0.101972 2 2 3
0.393379 0.101973 0.101973 2 2 3
0.393875 0.101975 0.101975 2 2 3
0.394371 0.101976 0.101976 2 2 3
0.394867 0.101977 0.101977 2 2 3
0.395363 0.101978 0.101978 2 2 3
0.395859 0.101979 0.101979 2 2 3
0.396354 0.101981 0.101981 2 2 3
0.39685 0.101982 0.101982 2 2 3
0.397346 0.101983 0.101983 2 2 3
0.397842 0.101984 0.101984 2 2 3
0.398338 0.101985 0.101985 2 2 3
0.398834 0.101987 0.101987 2 2 3
0.399329 0.101988 0.101988 2 2 3
0.399825 0.101989 0.101989 2 2 3
0.400321 0.10199 0.10199 2 2 3
0.400817 0.101991 0.101991 2 2 3
0.401313 0.101992 0.101992 2 2 3
0.401809 0.101994 0.101994 2 2 3
0.402304 0.101995 0.101995 2 2 3
0.4028 0.101996 0.101996 2 2 3
0.403296 0.101997 0.101997 2 2 3
0.403792 0.101998 0.101998 2 2 3
0.404288 0.101999 0.101999 2 2 3
0.404784 0.102001 0.102001 2 2 3
0.405279 0.102002 0.102002 2 2 3
0.405775 0.102003 0.102003 2 2 3
0.406271 0.102004 0.102004 2 2 3
0.406767 0.102005 0.102005 2 2 3
0.407263 0.102006 0.102006 2 2 3
0.407759 0.102007 0.102007 2 2 3
0.408255 0.102008 0.102008 2 2 3
0.40875 0.10201 0.10201 2 2 3
0.409246 0.102011 0.102011 2 2 3
0.409742 0.102012 0.102012 2 2 3
0.410238 0.102013 0.102013 2 2 3
0.410734 0.102014 0.102014 2 2 3
0.41123 0.102015 0.102015 2 2 3
0.411725 0.102016 0.102016 2 2 3
0.412221 0.102017 0.102017 2 2 3
0.412717 0.102018 0.102018 2 2 3
0.413213 0.102019 0.102019 2 2 3
0.413709 0.102021 0.102021 2 2 3
0.414205 0.102022 0.102022 2 2 3
0.4147 0.102023 0.102023 2 2 3
0.415196 0.102024 0.102024 2 2 3
0.415692 0.102025 0.102025 2 2 3
0.416188 0.102026 0.102026 2 2 3
0.416684 0.102027 0.102027 2 2 3
0.41718 0.102028 0.102028 2 2 3
0.417676 0.102029 0.102029 2 2 3
0.418171 0.10203 0.10203 2 2 3
0.418667 0.102031 0.102031 2 2 3
0.419163 0.102032 0.102032 2 2 3
0.419659 0.102033 0.102033 2 2 3
0.420155 0.102034 0.102034 2 2 3
0.420651 0.102035 0.102035 2 2 3
0.421146 0.102036 0.102036 2 2 3
0.421642 0.102037 0.102037 2 2 3
0.422138 0.102038 0.102038 2 2 3
0.422634 0.102039 0.102039 2 2 3
0.42313 0.10204 0.10204 2 2 3
0.423626 0.102041 0.102041 2 2 3
0.424122 0.102042 0.102042 2 2 3
0.424617 0.102043 0.102043 2 2 3
0.425113 0.102044 0.102044 2 2 3
0.425609 0.102045 0.102045 2 2 3
0.426105 0.102046 0.102046 2 2 3
0.426601 0.102047 0.102047 2 2 3
0.427097 0.102048 0.102048 2 2 3
0.427593 0.102049 0.102049 2 2 3
0.428088 0.10205 0.10205 2 2 3
0.428584 0.102051 0.102051 2 2 3
0.42908 0.102052 0.102052 2 2 3
0.429576 0.102053 0.102053 2 2 3
0.430072 0.102054 0.102054 2 2 3
0.430568 0.102055 0.102055 2 2 3
0.431064 0.102056 0.102056 2 2 3
0.431559 0.102057 0.102057 2 2 3
0.432055 0.102058 0.102058 2 2 3
0.432551 0.102059 0.102059 2 2 3
0.433047 0.10206 0.10206 2 2 3
0.433543 0.102061 0.102061 2 2 3
0.434039 0.102062 0.102062 2 2 3
0.434534 0.102063 0.102063 2 2 3
0.43503 0.102063 0.102063 2 2 3
0.435526 0.102064 0.102064 2 2 3
0.436022 0.102065 0.102065 2 2 3
0.436518 0.102066 0.102066 2 2 3
0.437014 0.102067 0.102067 2 2 3
0.43751 0.102068 0.102068 2 2 3
0.438005 0.102069 0.102069 2 2 3
0.438501 0.10207 0.10207 2 2 3
0.438997 0.102071 0.102071 2 2 3
0.439493 0.102072 0.102072 2 2 3
0.439989 0.102072 0.102072 2 2 3
0.440485 0.102073 0.102073 2 2 3
0.440981 0.102074 0.102074 2 2 3
0.441476 0.102075 0.102075 2 2 3
0.441972 0.102076 0.102076 2 2 3
0.442468 0.102077 0.102077 2 2 3
0.442964 0.102078 0.102078 2 2 3
0.44346 0.102079 0.102079 2 2 3
0.443956 0.102079 0.102079 2 2 3
0.444452 0.10208 0.10208 2 2 3
0.444947 0.102081 0.102081 2 2 3
0.445443 0.102082 0.102082 2 2 3
0.445939 0.102083 0.102083 2 2 3
0.446435 0.102084 0.102084 2 2 3
0.446931 0.102084 0.102084 2 2 3
0.447427 0.102085 0.102085 2 2 3
0.447923 0.102086 0.102086 2 2 3
0.448419 0.102087 0.102087 2 2 3
0.448914 0.102088 0.102088 2 2 3
0.44941 0.102089 0.102089 2 2 3
0.449906 0.102089 0.102089 2 2 3
0.450402 0.10209 0.10209 2 2 3
0.450898 0.102091 0.102091 2 2 3
0.451394 0.102092 0.102092 2 2 3
0.45189 0.102093 0.102093 2 2 3
0.452385 0.102093 0.102093 2 2 3
0.452881 0.102094 0.102094 2 2 3
0.453377 0.102095 0.102095 2 2 3
0.453873 0.102096 0.102096 2 2 3
0.454369 0.102097 0.102097 2 2 3
0.454865 0.102097 0.102097 2 2 3
0.455361 0.102098 0.102098 2 2 3
0.455856 0.102099 0.102099 2 2 3
0.456352 0.1021 0.1021 2 2 3
0.456848 0.1021 0.1021 2 2 3
0.457344 0.102101 0.102101 2 2 3
0.45784 0.102102 0.102102 2 2 3
0.458336 0.102103 0.102103 2 2 3
0.458832 0.102103 0.102103 2 2 3
0.459328 0.102104 0.102104 2 2 3
0.459823 0.102105 0.102105 2 2 3
0.460319 0.102106 0.102106 2 2 3
0.460815 0.102106 0.102106 2 2 3
0.461311 0.102107 0.102107 2 2 3
0.461807 0.102108 0.102108 2 2 3
0.462303 0.102109 0.102109 2 2 3
0.462799 0.102109 0.102109 2 2 3
0.463294 0.10211 0.10211 2 2 3
0.46379 0.102111 0.102111 2 2 3
0.464286 0.102111 0.102111 2 2 3
0.464782 0.102112 0.102112 2 2 3
0.465278 0.102113 0.102113 2 2 3
0.465774 0.102113 0.102113 2 2 3
0.46627 0.102114 0.102114 2 2 3
0.466766 0.102115 0.102115 2 2 3
0.467261 0.102116 0.102116 2 2 3
0.467757 0.102116 0.102116 2 2 3
0.468253 0.102117 0.102117 2 2 3
0.468749 0.102118 0.102118 2 2 3
0.469245 0.102118 0.102118 2 2 3
0.469741 0.102119 0.102119 2 2 3
0.470237 0.10212 0.10212 2 2 3
0.470733 0.10212 0.10212 2 2 3
0.471228 0.102121 0.102121 2 2 3
0.471724 0.102121 0.102121 2 2 3
0.47222 0.102122 0.102122 2 2 3
0.472716 0.102123 0.102123 2 2 3
0.473212 0.102123 0.102123 2 2 3
0.473708 0.102124 0.102124 2 2 3
0.474204 0.102125 0.102125 2 2 3
0.4747 0.102125 0.102125 2 2 3
0.475195 0.102126 0.102126 2 2 3
0.475691 0.102127 0.102127 2 2 3
0.476187 0.102127 0.102127 2 2 3
0.476683 0.102128 0.102128 2 2 3
0.477179 0.102128 0.102128 2 2 3
0.477675 0.102129 0.102129 2 2 3
0.478171 0.10213 0.10213 2 2 3
0.478667 0.10213 0.10213 2 2 3
0.479163 0.102131 0.102131 2 2 3
0.479658 0.102131 0.102131 2 2 3
0.480154 0.102132 0.102132 2 2 3
0.48065 0.102133 0.102133 2 2 3
0.481146 0.102133 0.102133 2 2 3
0.481642 0.102134 0.102134 2 2 3
0.482138 0.102134 0.102134 2 2 3
0.482634 0.102135 0.102135 2 2 3
0.48313 0.102135 0.102135 2 2 3
0.483625 0.102136 0.102136 2 2 3
0.484121 0.102136 0.102136 2 2 3
0.484617 0.102137 0.102137 2 2 3
0.485113 0.102138 0.102138 2 2 3
0.485609 0.102138 0.102138 2 2 3
0.486105 0.102139 0.102139 2 2 3
0.486601 0.102139 0.102139 2 2 3
0.487097 0.10214 0.10214 2 2 3
0.487593 0.10214 0.10214 2 2 3
0.488088 0.102141 0.102141 2 2 3
0.488584 0.102141 0.102141 2 2 3
0.48908 0.102142 0.102142 2 2 3
0.489576 0.102142 0.102142 2 2 3
0.490072 0.102143 0.102143 2 2 3
0.490568 0.102143 0.102143 2 2 3
0.491064 0.102144 0.102144 2 2 3
0.49156 0.102144 0.102144 2 2 3
0.492056 0.102145 0.102145 2 2 3
0.492551 0.102145 0.102145 2 2 3
0.493047 0.102146 0.102146 2 2 3
0.493543 0.102146 0.102146 2 2 3
0.494039 0.102147 0.102147 2 2 3
0.494535 0.102147 0.102147 2 2 3
0.495031 0.102148 0.102148 2 2 3
0.495527 0.102148 0.102148 2 2 3
0.496023 0.102149 0.102149 2 2 3
0.496519 0.102149 0.102149 2 2 3
0.497014 0.10215 0.10215 2 2 3
0.49751 0.10215 0.10215 2 2 3
0.498006 0.10215 0.10215 2 2 3
0.498502 0.102151 0.102151 2 2 3
0.498998 0.102151 0.102151 2 2 3
0.499494 0.102152 0.102152 2 2 3
0.49999 0.102152 0.102152 2 2 3
0.500486 0.102153 0.102153 2 2 3
0.500982 0.102153 0.102153 2 2 3
0.501477 0.102154 0.102154 2 2 3
0.501973 0.102154 0.102154 2 2 3
0.502469 0.102154 0.102154 2 2 3
0.502965 0.102155 0.102155 2 2 3
0.503461 0.102155 0.102155 2 2 3
0.503957 0.102156 0.102156 2 2 3
0.504453 0.102156 0.102156 2 2 3
0.504949 0.102156 0.102156 2 2 3
0.505445 0.102157 0.102157 2 2 3
0.505941 0.102157 0.102157 2 2 3
0.506436 0.102158 0.102158 2 2 3
0.506932 0.102158 0.102158 2 2 3
0.507428 0.102158 0.102158 2 2 3
0.507924 0.102159 0.102159 2 2 3
0.50842 0.102159 0.102159 2 2 3
0.508916 0.102159 0.102159 2 2 3
0.509412 0.10216 0.10216 2 2 3
0.509908 0.10216 0.10216 2 2 3
0.510404 0.10216 0.10216 2 2 3
0.5109 0.102161 0.102161 2 2 3
0.511395 0.102161 0.102161 2 2 3
0.511891 0.102162 0.102162 2 2 3
0.512387 0.102162 0.102162 2 2 3
0.512883 0.102162 0.102162 2 2 3
0.513379 0.102163 0.102163 2 2 3
0.513875 0.102163 0.102163 2 2 3
0.514371 0.102163 0.102163 2 2 3
0.514867 0.102163 0.102163 2 2 3
0.515363 0.102164 0.102164 2 2 3
0.515859 0.102164 0.102164 2 2 3
0.516354 0.102164 0.102164 2 2 3
0.51685 0.102165 0.102165 2 2 3
0.517346 0.102165 0.102165 2 2 3
0.517842 0.102165 0.102165 2 2 3
0.518338 0.102166 0.102166 2 2 3
0.518834 0.102166 0.102166 2 2 3
0.51933 0.102166 0.102166 2 2 3
0.519826 0.102166 0.102166 2 2 3
0.520322 0.102167 0.102167 2 2 3
0.520818 0.102167 0.102167 2 2 3
0.521314 0.102167 0.102167 2 2 3
0.521809 0.102168 0.102168 2 2 3
0.522305 0.102168 0.102168 2 2 3
0.522801 0.102168 0.102168 2 2 3
0.523297 0.102168 0.102168 2 2 3
0.523793 0.102169 0.102169 2 2 3
0.524289 0.102169 0.102169 2 2 3
0.524785 0.102169 0.102169 2 2 3
0.525281 0.102169 0.102169 2 2 3
0.525777 0.10217 0.10217 2 2 3
0.526273 0.10217 0.10217 2 2 3
0.526769 0.10217 0.10217 2 2 3
0.527264 0.10217 0.10217 2 2 3
0.52776 0.10217 0.10217 2 2 3
0.528256 0.102171 0.102171 2 2 3
0.528752 0.102171 0.102171 2 2 3
0.529248 0.102171 0.102171 2 2 3
0.529744 0.102171 0.102171 2 2 3
0.53024 0.102171 0.102171 2 2 3
0.530736 0.102172 0.102172 2 2 3
0.531232 0.102172 0.102172 2 2 3
0.531728 0.102172 0.102172 2 2 3
0.532224 0.102172 0.102172 2 2 3
0.53272 0.102172 0.102172 2 2 3
0.533215 0.102173 0.102173 2 2 3
0.533711 0.102173 0.102173 2 2 3
0.534207 0.102173 0.102173 2 2 3
0.534703 0.102173 0.102173 2 2 3
0.535199 0.102173 0.102173 2 2 3
0.535695 0.102173 0.102173 2 2 3
0.536191 0.102174 0.102174 2 2 3
0.536687 0.102174 0.102174 2 2 3
0.537183 0.102174 0.102174 2 2 3
0.537679 0.102174 0.102174 2 2 3
0.538175 0.102174 0.102174 2 2 3
0.538671 0.102174 0.102174 2 2 3
0.539167 0.102174 0.102174 2 2 3
0.539662 0.102175 0.102175 2 2 3
0.540158 0.102175 0.102175 2 2 3
0.540654 0.102175 0.102175 2 2 3
0.54115 0.102175 0.102175 2 2 3
0.541646 0.102175 0.102175 2 2 3
0.542142 0.102175 0.102175 2 2 3
0.542638 0.102175 0.102175 2 2 3
0.543134 0.102175 0.102175 2 2 3
0.54363 0.102175 0.102175 2 2 3
0.544126 0.102176 0.102176 2 2 3
0.544622 0.102176 0.102176 2 2 3
0.545118 0.102176 0.102176 2 2 3
0.545614 0.102176 0.102176 2 2 3
0.54611 0.102176 0.102176 2 2 3
0.546605 0.102176 0.102176 2 2 3
0.547101 0.102176 0.102176 2 2 3
0.547597 0.102176 0.102176 2 2 3
0.548093 0.102176 0.102176 2 2 3
0.548589 0.102176 0.102176 2 2 3
0.549085 0.102176 0.102176 2 2 3
0.549581 0.102176 0.102176 2 2 3
0.550077 0.102176 0.102176 2 2 3
0.550573 0.102176 0.102176 2 2 3
0.551069 0.102176 0.102176 2 2 3
0.551565 0.102176 0.102176 2 2 3
0.552061 0.102176 0.102176 2 2 3
0.552557 0.102176 0.102176 2 2 3
0.553053 0.102176 0.102176 2 2 3
0.553548 0.102177 0.102177 2 2 3
0.554044 0.102177 0.102177 2 2 3
0.55454 0.102177 0.102177 2 2 3
0.555036 0.102177 0.102177 2 2 3
0.555532 0.102177 0.102177 2 2 3
0.556028 0.102177 0.102177 2 2 3
0.556524 0.102177 0.102177 2 2 3
0.55702 0.102177 0.102177 2 2 3
0.557516 0.102177 0.102177 2 2 3
0.558012 0.102176 0.102176 2 2 3
0.558508 0.102176 0.102176 2 2 3
0.559004 0.102176 0.102176 2 2 3
0.5595 0.102176 0.102176 2 2 3
0.559996 0.102176 0.102176 2 2 3
0.560492 0.102176 0.102176 2 2 3
0.560988 0.102176 0.102176 2 2 3
0.561483 0.102176 0.102176 2 2 3
0.561979 0.102176 0.102176 2 2 3
0.562475 0.102176 0.102176 2 2 3
0.562971 0.102176 0.102176 2 2 3
0.563467 0.102176 0.102176 2 2 3
0.563963 0.102176 0.102176 2 2 3
0.564459 0.102176 0.102176 2 2 3
0.564955 0.102176 0.102176 2 2 3
0.565451 0.102176 0.102176 2 2 3
0.565947 0.102176 0.102176 2 2 3
0.566443 0.102176 0.102176 2 2 3
0.566939 0.102175 0.102175 2 2 3
0.567435 0.102175 0.102175 2 2 3
0.567931 0.102175 0.102175 2 2 3
0.568427 0.102175 0.102175 2 2 3
0.568923 0.102175 0.102175 2 2 3
0.569419 0.102175 0.102175 2 2 3
0.569915 0.102175 0.102175 2 2 3
0.570411 0.102175 0.102175 2 2 3
0.570906 0.102175 0.102175 2 2 3
0.571402 0.102175 0.102175 2 2 3
0.571898 0.102174 0.102174 2 2 3
0.572394 0.102174 0.102174 2 2 3
0.57289 0.102174 0.102174 2 2 3
0.573386 0.102174 0.102174 2 2 3
0.573882 0.102174 0.102174 2 2 3
0.574378 0.102174 0.102174 2 2 3
0.574874 0.102174 0.102174 2 2 3
0.57537 0.102173 0.102173 2 2 3
0.575866 0.102173 0.102173 2 2 3
0.576362 0.102173 0.102173 2 2 3
0.576858 0.102173 0.102173 2 2 3
0.577354 0.102173 0.102173 2 2 3
0.57785 0.102173 0.102173 2 2 3
0.578346 0.102172 0.102172 2 2 3
0.578842 0.102172 0.102172 2 2 3
0.579338 0.102172 0.102172 2 2 3
0.579834 0.102172 0.102172 2 2 3
0.58033 0.102172 0.102172 2 2 3
0.580826 0.102171 0.102171 2 2 3
0.581322 0.102171 0.102171 2 2 3
0.581817 0.102171 0.102171 2 2 3
0.582313 0.102171 0.102171 2 2 3
0.582809 0.102171 0.102171 2 2 3
0.583305 0.10217 0.10217 2 2 3
0.583801 0.10217 0.10217 2 2 3
0.584297 0.10217 0.10217 2 2 3
0.584793 0.10217 0.10217 2 2 3
0.585289 0.102169 0.102169 2 2 3
0.585785 0.102169 0.102169 2 2 3
0.586281 0.102169 0.102169 2 2 3
0.586777 0.102169 0.102169 2 2 3
0.587273 0.102168 0.102168 2 2 3
0.587769 0.102168 0.102168 2 2 3
0.588265 0.102168 0.102168 2 2 3
0.588761 0.102168 0.102168 2 2 3
0.589257 0.102167 0.102167 2 2 3
0.589753 0.102167 0.102167 2 2 3
0.590249 0.102167 0.102167 2 2 3
0.590745 0.102167 0.102167 2 2 3
0.591241 0.102166 0.102166 2 2 3
0.591737 0.102166 0.102166 2 2 3
0.592233 0.102166 0.102166 2 2 3
0.592729 0.102165 0.102165 2 2 3
0.593225 0.102165 0.102165 2 2 3
0.593721 0.102165 0.102165 2 2 3
0.594217 0.102165 0.102165 2 2 3
0.594713 0.102164 0.102164 2 2 3
0.595209 0.102164 0.102164 2 2 3
0.595705 0.102164 0.102164 2 2 3
0.5962 0.102163 0.102163 2 2 3
0.596696 0.102163 0.102163 2 2 3
0.597192 0.102163 0.102163 2 2 3
0.597688 0.102162 0.102162 2 2 3
0.598184 0.102162 0.102162 2 2 3
0.59868 0.102162 0.102162 2 2 3
0.599176 0.102161 0.102161 2 2 3
0.599672 0.102161 0.102161 2 2 3
0.600168 0.102161 0.102161 2 2 3
0.600664 0.10216 0.10216 2 2 3
0.60116 0.10216 0.10216 2 2 3
0.601656 0.102159 0.102159 2 2 3
0.602152 0.102159 0.102159 2 2 3
0.602648 0.102159 0.102159 2 2 3
0.603144 0.102158 0.102158 2 2 3
0.60364 0.102158 0.102158 2 2 3
0.604136 0.102158 0.102158 2 2 3
0.604632 0.102157 0.102157 2 2 3
0.605128 0.102157 0.102157 2 2 3
0.605624 0.102156 0.102156 2 2 3
0.60612 0.102156 0.102156 2 2 3
0.606616 0.102156 0.102156 2 2 3
0.607112 0.102155 0.102155 2 2 3
0.607608 0.102155 0.102155 2 2 3
0.608104 0.102154 0.102154 2 2 3
0.6086 0.102154 0.102154 2 2 3
0.609096 0.102153 0.102153 2 2 3
0.609592 0.102153 0.102153 2 2 3
0.610088 0.102153 0.102153 2 2 3
0.610584 0.102152 0.102152 2 2 3
0.61108 0.102152 0.102152 2 2 3
0.611576 0.102151 0.102151 2 2 3
0.612072 0.102151 0.102151 2 2 3
0.612568 0.10215 0.10215 2 2 3
0.613064 0.10215 0.10215 2 2 3
0.61356 0.102149 0.102149 2 2 3
0.614056 0.102149 0.102149 2 2 3
0.614552 0.102149 0.102149 2 2 3
0.615048 0.102148 0.102148 2 2 3
0.615544 0.102148 0.102148 2 2 3
0.61604 0.102147 0.102147 2 2 3
0.616536 0.102147 0.102147 2 2 3
0.617032 0.102146 0.102146 2 2 3
0.617528 0.102146 0.102146 2 2 3
0.618024 0.102145 0.102145 2 2 3
0.61852 0.102145 0.102145 2 2 3
0.619016 0.102144 0.102144 2 2 3
0.619512 0.102144 0.102144 2 2 3
0.620008 0.102143 0.102143 2 2 3
0.620504 0.102143 0.102143 2 2 3
0.621 0.102142 0.102142 2 2 3
0.621496 0.102142 0.102142 2 2 3
0.621992 0.102141 0.102141 2 2 3
0.622488 0.10214 0.10214 2 2 3
0.622984 0.10214 0.10214 2 2 3
0.62348 0.102139 0.102139 2 2 3
0.623976 0.102139 0.102139 2 2 3
0.624472 0.102138 0.102138 2 2 3
0.624968 0.102138 0.102138 2 2 3
0.625464 0.102137 0.102137 2 2 3
0.62596 0.102137 0.102137 2 2 3
0.626456 0.102136 0.102136 2 2 3
0.626952 0.102135 0.102135 2 2 3
0.627448 0.102135 0.102135 2 2 3
0.627944 0.102134 0.102134 2 2 3
0.62844 0.102134 0.102134 2 2 3
0.628936 0.102133 0.102133 2 2 3
0.629432 0.102133 0.102133 2 2 3
0.629928 0.102132 0.102132 2 2 3
0.630424 0.102131 0.102131 2 2 3
0.63092 0.102131 0.102131 2 2 3
0.631416 0.10213 0.10213 2 2 3
0.631912 0.10213 0.10213 2 2 3
0.632408 0.102129 0.102129 2 2 3
0.632904 0.102128 0.102128 2 2 3
0.6334 0.102128 0.102128 2 2 3
0.633896 0.102127 0.102127 2 2 3
0.634392 0.102126 0.102126 2 2 3
0.634888 0.102126 0.102126 2 2 3
0.635384 0.102125 0.102125 2 2 3
0.63588 0.102125 0.102125 2 2 3
0.636376 0.102124 0.102124 2 2 3
0.636872 0.102123 0.102123 2 2 3
0.637368 0.102123 0.102123 2 2 3
0.637864 0.102122 0.102122 2 2 3
0.63836 0.102121 0.102121 2 2 3
0.638856 0.102121 0.102121 2 2 3
0.639352 0.10212 0.10212 2 2 3
0.639848 0.102119 0.102119 2 2 3
0.640344 0.102119 0.102119 2 2 3
0.64084 0.102118 0.102118 2 2 3
0.641336 0.102117 0.102117 2 2 3
0.641832 0.102116 0.102116 2 2 3
0.642328 0.102116 0.102116 2 2 3
0.642824 0.102115 0.102115 2 2 3
0.64332 0.102114 0.102114 2 2 3
0.643816 0.102114 0.102114 2 2 3
0.644312 0.102113 0.102113 2 2 3
0.644808 0.102112 0.102112 2 2 3
0.645304 0.102112 0.102112 2 2 3
0.6458 0.102111 0.102111 2 2 3
0.646296 0.10211 0.10211 2 2 3
0.646792 0.102109 0.102109 2 2 3
0.647288 0.102109 0.102109 2 2 3
0.647784 0.102108 0.102108 2 2 3
0.64828 0.102107 0.102107 2 2 3
0.648776 0.102106 0.102106 2 2 3
0.649272 0.102106 0.102106 2 2 3
0.649768 0.102105 0.102105 2 2 3
0.650264 0.102104 0.102104 2 2 3
0.650761 0.102103 0.102103 2 2 3
0.651257 0.102103 0.102103 2 2 3
0.651753 0.102102 0.102102 2 2 3
0.652249 0.102101 0.102101 2 2 3
0.652745 0.1021 0.1021 2 2 3
0.653241 0.102099 0.102099 2 2 3
0.653737 0.102099 0.102099 2 2 3
0.654233 0.102098 0.102098 2 2 3
0.654729 0.102097 0.102097 2 2 3
0.655225 0.102096 0.102096 2 2 3
0.655721 0.102095 0.102095 2 2 3
0.656217 0.102095 0.102095 2 2 3
0.656713 0.102094 0.102094 2 2 3
0.657209 0.102093 0.102093 2 2 3
0.657705 0.102092 0.102092 2 2 3
0.658201 0.102091 0.102091 2 2 3
0.658697 0.102091 0.102091 2 2 3
0.659193 0.10209 0.10209 2 2 3
0.659689 0.102089 0.102089 2 2 3
0.660185 0.102088 0.102088 2 2 3
0.660681 0.102087 0.102087 2 2 3
0.661177 0.102086 0.102086 2 2 3
0.661673 0.102085 0.102085 2 2 3
0.662169 0.102085 0.102085 2 2 3
0.662665 0.102084 0.102084 2 2 3
0.663161 0.102083 0.102083 2 2 3
0.663657 0.102082 0.102082 2 2 3
0.664153 0.102081 0.102081 2 2 3
0.66465 0.10208 0.10208 2 2 3
0.665146 0.102079 0.102079 2 2 3
0.665642 0.102078 0.102078 2 2 3
0.666138 0.102078 0.102078 2 2 3
0.666634 0.102077 0.102077 2 2 3
0.66713 0.102076 0.102076 2 2 3
0.667626 0.102075 0.102075 2 2 3
0.668122 0.102074 0.102074 2 2 3
0.668618 0.102073 0.102073 2 2 3
0.669114 0.102072 0.102072 2 2 3
0.66961 0.102071 0.102071 2 2 3
0.670106 0.10207 0.10207 2 2 3
0.670602 0.102069 0.102069 2 2 3
0.671098 0.102068 0.102068 2 2 3
0.671594 0.102067 0.102067 2 2 3
0.67209 0.102067 0.102067 2 2 3
0.672586 0.102066 0.102066 2 2 3
0.673082 0.102065 0.102065 2 2 3
0.673578 0.102064 0.102064 2 2 3
0.674074 0.102063 0.102063 2 2 3
0.674571 0.102062 0.102062 2 2 3
0.675067 0.102061 0.102061 2 2 3
0.675563 0.10206 0.10206 2 2 3
0.676059 0.102059 0.102059 2 2 3
0.676555 0.102058 0.102058 2 2 3
0.677051 0.102057 0.102057 2 2 3
0.677547 0.102056 0.102056 2 2 3
0.678043 0.102055 0.102055 2 2 3
0.678539 0.102054 0.102054 2 2 3
0.679035 0.102053 0.102053 2 2 3
0.679531 0.102052 0.102052 2 2 3
0.680027 0.102051 0.102051 2 2 3
0.680523 0.10205 0.10205 2 2 3
0.681019 0.102049 0.102049 2 2 3
0.681515 0.102048 0.102048 2 2 3
0.682011 0.102047 0.102047 2 2 3
0.682508 0.102046 0.102046 2 2 3
0.683004 0.102045 0.102045 2 2 3
0.6835 0.102044 0.102044 2 2 3
0.683996 0.102043 0.102043 2 2 3
0.684492 0.102042 0.102042 2 2 3
0.684988 0.102041 0.102041 2 2 3
0.685484 0.10204 0.10204 2 2 3
0.68598 0.102039 0.102039 2 2 3
0.686476 0.102037 0.102037 2 2 3
0.686972 0.102036 0.102036 2 2 3
0.687468 0.102035 0.102035 2 2 3
0.687964 0.102034 0.102034 2 2 3
0.68846 0.102033 0.102033 2 2 3
0.688956 0.102032 0.102032 2 2 3
0.689452 0.102031 0.102031 2 2 3
0.689949 0.10203 0.10203 2 2 3
0.690445 0.102029 0.102029 2 2 3
0.690941 0.102028 0.102028 2 2 3
0.691437 0.102027 0.102027 2 2 3
0.691933 0.102026 0.102026 2 2 3
0.692429 0.102024 0.102024 2 2 3
0.692925 0.102023 0.102023 2 2 3
0.693421 0.102022 0.102022 2 2 3
0.693917 0.102021 0.102021 2 2 3
0.694413 0.10202 0.10202 2 2 3
0.694909 0.102019 0.102019 2 2 3
0.695405 0.102018 0.102018 2 2 3
0.695901 0.102017 0.102017 2 2 3
0.696398 0.102015 0.102015 2 2 3
0.696894 0.102014 0.102014 2 2 3
0.69739 0.102013 0.102013 2 2 3
0.697886 0.102012 0.102012 2 2 3
0.698382 0.102011 0.102011 2 2 3
0.698878 0.10201 0.10201 2 2 3
0.699374 0.102008 0.102008 2 2 3
0.69987 0.102007 0.102007 2 2 3
0.700366 0.102006 0.102006 2 2 3
0.700862 0.102005 0.102005 2 2 3
0.701358 0.102004 0.102004 2 2 3
0.701854 0.102003 0.102003 2 2 3
0.702351 0.102001 0.102001 2 2 3
0.702847 0.102 0.102 2 2 3
0.703343 0.101999 0.101999 2 2 3
0.703839 0.101998 0.101998 2 2 3
0.704335 0.101997 0.101997 2 2 3
0.704831 0.101995 0.101995 2 2 3
0.705327 0.101994 0.101994 2 2 3
0.705823 0.101993 0.101993 2 2 3
0.706319 0.101992 0.101992 2 2 3
0.706815 0.10199 0.10199 2 2 3
0.707311 0.101989 0.101989 2 2 3
0.707808 0.101988 0.101988 2 2 3
0.708304 0.101987 0.101987 2 2 3
0.7088 0.101985 0.101985 2 2 3
0.709296 0.101984 0.101984 2 2 3
0.709792 0.101983 0.101983 2 2 3
0.710288 0.101982 0.101982 2 2 3
0.710784 0.10198 0.10198 2 2 3
0.71128 0.101979 0.101979 2 2 3
0.711776 0.101978 0.101978 2 2 3
0.712272 0.101977 0.101977 2 2 3
0.712769 0.101975 0.101975 2 2 3
0.713265 0.101974 0.101974 2 2 3
0.713761 0.101973 0.101973 2 2 3
0.714257 0.101971 0.101971 2 2 3
0.714753 0.10197 0.10197 2 2 3
0.715249 0.101969 0.101969 2 2 3
0.715745 0.101968 0.101968 2 2 3
0.716241 0.101966 0.101966 2 2 3
0.716737 0.101965 0.101965 2 2 3
0.717234 0.101964 0.101964 2 2 3
0.71773 0.101962 0.101962 2 2 3
0.718226 0.101961 0.101961 2 2 3
0.718722 0.10196 0.10196 2 2 3
0.719218 0.101958 0.101958 2 2 3
0.719714 0.101957 0.101957 2 2 3
0.72021 0.101956 0.101956 2 2 3
0.720706 0.101954 0.101954 2 2 3
0.721202 0.101953 0.101953 2 2 3
0.721699 0.101952 0.101952 2 2 3
0.722195 0.10195 0.10195 2 2 3
0.722691 0.101949 0.101949 2 2 3
0.723187 0.101948 0.101948 2 2 3
0.723683 0.101946 0.101946 2 2 3
0.724179 0.101945 0.101945 2 2 3
0.724675 0.101943 0.101943 2 2 3
0.725171 0.101942 0.101942 2 2 3
0.725667 0.101941 0.101941 2 2 3
0.726164 0.101939 0.101939 2 2 3
0.72666 0.101938 0.101938 2 2 3
0.727156 0.101936 0.101936 2 2 3
0.727652 0.101935 0.101935 2 2 3
0.728148 0.101934 0.101934 2 2 3
0.728644 0.101932 0.101932 2 2 3
0.72914 0.101931 0.101931 2 2 3
0.729636 0.101929 0.101929 2 2 3
0.730133 0.101928 0.101928 2 2 3
0.730629 0.101927 0.101927 2 2 3
0.731125 0.101925 0.101925 2 2 3
0.731621 0.101924 0.101924 2 2 3
0.732117 0.101922 0.101922 2 2 3
0.732613 0.101921 0.101921 2 2 3
0.733109 0.101919 0.101919 2 2 3
0.733605 0.101918 0.101918 2 2 3
0.734102 0.101916 0.101916 2 2 3
0.734598 0.101915 0.101915 2 2 3
0.735094 0.101913 0.101913 2 2 3
0.73559 0.101912 0.101912 2 2 3
0.736086 0.101911 0.101911 2 2 3
0.736582 0.101909 0.101909 2 2 3
0.737078 0.101908 0.101908 2 2 3
0.737574 0.101906 0.101906 2 2 3
0.738071 0.101905 0.101905 2 2 3
0.738567 0.101903 0.101903 2 2 3
0.739063 0.101902 0.101902 2 2 3
0.739559 0.1019 0.1019 2 2 3
0.740055 0.101899 0.101899 2 2 3
0.740551 0.101897 0.101897 2 2 3
0.741047 0.101896 0.101896 2 2 3
0.741544 0.101894 0.101894 2 2 3
0.74204 0.101893 0.101893 2 2 3
0.742536 0.101891 0.101891 2 2 3
0.743032 0.101889 0.101889 2 2 3
0.743528 0.101888 0.101888 2 2 3
0.744024 0.101886 0.101886 2 2 3
0.74452 0.101885 0.101885 2 2 3
0.745017 0.101883 0.101883 2 2 3
0.745513 0.101882 0.101882 2 2 3
0.746009 0.10188 0.10188 2 2 3
0.746505 0.101879 0.101879 2 2 3
0.747001 0.101877 0.101877 2 2 3
0.747497 0.101875 0.101875 2 2 3
0.747993 0.101874 0.101874 2 2 3
0.74849 0.101872 0.101872 2 2 3
0.748986 0.101871 0.101871 2 2 3
0.749482 0.101869 0.101869 2 2 3
0.749978 0.101868 0.101868 2 2 3
0.750474 0.101866 0.101866 2 2 3
0.75097 0.101864 0.101864 2 2 3
0.751467 0.101863 0.101863 2 2 3
0.751963 0.101861 0.101861 2 2 3
0.752459 0.10186 0.10186 2 2 3
0.752955 0.101858 0.101858 2 2 3
0.753451 0.101856 0.101856 2 2 3
0.753947 0.101855 0.101855 2 2 3
0.754443 0.101853 0.101853 2 2 3
0.75494 0.101851 0.101851 2 2 3
0.755436 0.10185 0.10185 2 2 3
0.755932 0.101848 0.101848 2 2 3
0.756428 0.101846 0.101846 2 2 3
0.756924 0.101845 0.101845 2 2 3
0.75742 0.101843 0.101843 2 2 3
0.757917 0.101842 0.101842 2 2 3
0.758413 0.10184 0.10184 2 2 3
0.758909 0.101838 0.101838 2 2 3
0.759405 0.101837 0.101837 2 2 3
0.759901 0.101835 0.101835 2 2 3
0.760397 0.101833 0.101833 2 2 3
0.760894 0.101831 0.101831 2 2 3
0.76139 0.10183 0.10183 2 2 3
0.761886 0.101828 0.101828 2 2 3
0.762382 0.101826 0.101826 2 2 3
0.762878 0.101825 0.101825 2 2 3
0.763374 0.101823 0.101823 2 2 3
0.763871 0.101821 0.101821 2 2 3
0.764367 0.10182 0.10182 2 2 3
0.764863 0.101818 0.101818 2 2 3
0.765359 0.101816 0.101816 2 2 3
0.765855 0.101814 0.101814 2 2 3
0.766351 0.101813 0.101813 2 2 3
0.766848 0.101811 0.101811 2 2 3
0.767344 0.101809 0.101809 2 2 3
0.76784 0.101807 0.101807 2 2 3
0.768336 0.101806 0.101806 2 2 3
0.768832 0.101804 0.101804 2 2 3
0.769328 0.101802 0.101802 2 2 3
0.769825 0.1018 0.1018 2 2 3
0.770321 0.101799 0.101799 2 2 3
0.770817 0.101797 0.101797 2 2 3
0.771313 0.101795 0.101795 2 2 3
0.771809 0.101793 0.101793 2 2 3
0.772306 0.101792 0.101792 2 2 3
0.772802 0.10179 0.10179 2 2 3
0.773298 0.101788 0.101788 2 2 3
0.773794 0.101786 0.101786 2 2 3
0.77429 0.101784 0.101784 2 2 3
0.774786 0.101783 0.101783 2 2 3
0.775283 0.101781 0.101781 2 2 3
0.775779 0.101779 0.101779 2 2 3
0.776275 0.101777 0.101777 2 2 3
0.776771 0.101775 0.101775 2 2 3
0.777267 0.101774 0.101774 2 2 3
0.777764 0.101772 0.101772 2 2 3
0.77826 0.10177 0.10177 2 2 3
0.778756 0.101768 0.101768 2 2 3
0.779252 0.101766 0.101766 2 2 3
0.779748 0.101764 0.101764 2 2 3
0.780245 0.101763 0.101763 2 2 3
0.780741 0.101761 0.101761 2 2 3
0.781237 0.101759 0.101759 2 2 3
0.781733 0.101757 0.101757 2 2 3
0.782229 0.101755 0.101755 2 2 3
0.782726 0.101753 0.101753 2 2 3
0.783222 0.101751 0.101751 2 2 3
0.783718 0.10175 0.10175 2 2 3
0.784214 0.101748 0.101748 2 2 3
0.78471 0.101746 0.101746 2 2 3
0.785207 0.101744 0.101744 2 2 3
0.785703 0.101742 0.101742 2 2 3
0.786199 0.10174 0.10174 2 2 3
0.786695 0.101738 0.101738 2 2 3
0.787191 0.101736 0.101736 2 2 3
0.787688 0.101734 0.101734 2 2 3
0.788184 0.101732 0.101732 2 2 3
0.78868 0.101731 0.101731 2 2 3
0.789176 0.101729 0.101729 2 2 3
0.789672 0.101727 0.101727 2 2 3
0.790169 0.101725 0.101725 2 2 3
0.790665 0.101723 0.101723 2 2 3
0.791161 0.101721 0.101721 2 2 3
0.791657 0.101719 0.101719 2 2 3
0.792153 0.101717 0.101717 2 2 3
0.79265 0.101715 0.101715 2 2 3
0.793146 0.101713 0.101713 2 2 3
0.793642 0.101711 0.101711 2 2 3
0.794138 0.101709 0.101709 2 2 3
0.794634 0.101707 0.101707 2 2 3
0.795131 0.101705 0.101705 2 2 3
0.795627 0.101703 0.101703 2 2 3
0.796123 0.101701 0.101701 2 2 3
0.796619 0.101699 0.101699 2 2 3
0.797116 0.101697 0.101697 2 2 3
0.797612 0.101695 0.101695 2 2 3
0.798108 0.101693 0.101693 2 2 3
0.798604 0.101691 0.101691 2 2 3
0.7991 0.101689 0.101689 2 2 3
0.799597 0.101687 0.101687 2 2 3
0.800093 0.101685 0.101685 2 2 3
0.800589 0.101683 0.101683 2 2 3
0.801085 0.101681 0.101681 2 2 3
0.801582 0.101679 0.101679 2 2 3
0.802078 0.101677 0.101677 2 2 3
0.802574 0.101675 0.101675 2 2 3
0.80307 0.101673 0.101673 2 2 3
0.803566 0.101671 0.101671 2 2 3
0.804063 0.101669 0.101669 2 2 3
0.804559 0.101667 0.101667 2 2 3
0.805055 0.101665 0.101665 2 2 3
0.805551 0.101663 0.101663 2 2 3
0.806048 0.101661 0.101661 2 2 3
0.806544 0.101659 0.101659 2 2 3
0.80704 0.101657 0.101657 2 2 3
0.807536 0.101655 0.101655 2 2 3
0.808033 0.101652 0.101652 2 2 3
0.808529 0.10165 0.10165 2 2 3
0.809025 0.101648 0.101648 2 2 3
0.809521 0.101646 0.101646 2 2 3
0.810017 0.101644 0.101644 2 2 3
0.810514 0.101642 0.101642 2 2 3
0.81101 0.10164 0.10164 2 2 3
0.811506 0.101638 0.101638 2 2 3
0.812002 0.101636 0.101636 2 2 3
0.812499 0.101634 0.101634 2 2 3
0.812995 0.101631 0.101631 2 2 3
0.813491 0.101629 0.101629 2 2 3
0.813987 0.101627 0.101627 2 2 3
0.814484 0.101625 0.101625 2 2 3
0.81498 0.101623 0.101623 2 2 3
0.815476 0.101621 0.101621 2 2 3
0.815972 0.101619 0.101619 2 2 3
0.816469 0.101616 0.101616 2 2 3
0.816965 0.101614 0.101614 2 2 3
0.817461 0.101612 0.101612 2 2 3
0.817957 0.10161 0.10161 2 2 3
0.818454 0.101608 0.101608 2 2 3
0.81895 0.101606 0.101606 2 2 3
0.819446 0.101603 0.101603 2 2 3
0.819942 0.101601 0.101601 2 2 3
0.820439 0.101599 0.101599 2 2 3
0.820935 0.101597 0.101597 2 2 3
0.821431 0.101595 0.101595 2 2 3
0.821927 0.101592 0.101592 2 2 3
0.822424 0.10159 0.10159 2 2 3
0.82292 0.101588 0.101588 2 2 3
0.823416 0.101586 0.101586 2 2 3
0.823912 0.101584 0.101584 2 2 3
0.824409 0.101581 0.101581 2 2 3
0.824905 0.101579 0.101579 2 2 3
0.825401 0.101577 0.101577 2 2 3
0.825897 0.101575 0.101575 2 2 3
0.826394 0.101572 0.101572 2 2 3
0.82689 0.10157 0.10157 2 2 3
0.827386 0.101568 0.101568 2 2 3
0.827883 0.101566 0.101566 2 2 3
0.828379 0.101563 0.101563 2 2 3
0.828875 0.101561 0.101561 2 2 3
0.829371 0.101559 0.101559 2 2 3
0.829868 0.101557 0.101557 2 2 3
0.830364 0.101554 0.101554 2 2 3
0.83086 0.101552 0.101552 2 2 3
0.831356 0.10155 0.10155 2 2 3
0.831853 0.101548 0.101548 2 2 3
0.832349 0.101545 0.101545 2 2 3
0.832845 0.101543 0.101543 2 2 3
0.833341 0.101541 0.101541 2 2 3
0.833838 0.101538 0.101538 2 2 3
0.834334 0.101536 0.101536 2 2 3
0.83483 0.101534 0.101534 2 2 3
0.835327 0.101531 0.101531 2 2 3
0.835823 0.101529 0.101529 2 2 3
0.836319 0.101527 0.101527 2 2 3
0.836815 0.101524 0.101524 2 2 3
0.837312 0.101522 0.101522 2 2 3
0.837808 0.10152 0.10152 2 2 3
0.838304 0.101517 0.101517 2 2 3
0.838801 0.101515 0.101515 2 2 3
0.839297 0.101513 0.101513 2 2 3
0.839793 0.10151 0.10151 2 2 3
0.840289 0.101508 0.101508 2 2 3
0.840786 0.101506 0.101506 2 2 3
0.841282 0.101503 0.101503 2 2 3
0.841778 0.101501 0.101501 2 2 3
0.842275 0.101499 0.101499 2 2 3
0.842771 0.101496 0.101496 2 2 3
0.843267 0.101494 0.101494 2 2 3
0.843763 0.101491 0.101491 2 2 3
0.84426 0.101489 0.101489 2 2 3
0.844756 0.101487 0.101487 2 2 3
0.845252 0.101484 0.101484 2 2 3
0.845749 0.101482 0.101482 2 2 3
0.846245 0.101479 0.101479 2 2 3
0.846741 0.101477 0.101477 2 2 3
0.847237 0.101475 0.101475 2 2 3
0.847734 0.101472 0.101472 2 2 3
0.84823 0.10147 0.10147 2 2 3
0.848726 0.101467 0.101467 2 2 3
0.849223 0.101465 0.101465 2 2 3
0.849719 0.101463 0.101463 2 2 3
0.850215 0.10146 0.10146 2 2 3
0.850712 0.101458 0.101458 2 2 3
0.851208 0.101455 0.101455 2 2 3
0.851704 0.101453 0.101453 2 2 3
0.8522 0.10145 0.10145 2 2 3
0.852697 0.101448 0.101448 2 2 3
0.853193 0.101445 0.101445 2 2 3
0.853689 0.101443 0.101443 2 2 3
0.854186 0.10144 0.10144 2 2 3
0.854682 0.101438 0.101438 2 2 3
0.855178 0.101435 0.101435 2 2 3
0.855675 0.101433 0.101433 2 2 3
0.856171 0.10143 0.10143 2 2 3
0.856667 0.101428 0.101428 2 2 3
0.857164 0.101425 0.101425 2 2 3
0.85766 0.101423 0.101423 2 2 3
0.858156 0.10142 0.10142 2 2 3
0.858652 0.101418 0.101418 2 2 3
0.859149 0.101415 0.101415 2 2 3
0.859645 0.101413 0.101413 2 2 3
0.860141 0.10141 0.10141 2 2 3
0.860638 0.101408 0.101408 2 2 3
0.861134 0.101405 0.101405 2 2 3
0.86163 0.101403 0.101403 2 2 3
0.862127 0.1014 0.1014 2 2 3
0.862623 0.101398 0.101398 2 2 3
0.863119 0.101395 0.101395 2 2 3
0.863616 0.101393 0.101393 2 2 3
0.864112 0.10139 0.10139 2 2 3
0.864608 0.101387 0.101387 2 2 3
0.865105 0.101385 0.101385 2 2 3
0.865601 0.101382 0.101382 2 2 3
0.866097 0.10138 0.10138 2 2 3
0.866594 0.101377 0.101377 2 2 3
0.86709 0.101375 0.101375 2 2 3
0.867586 0.101372 0.101372 2 2 3
0.868083 0.101369 0.101369 2 2 3
0.868579 0.101367 0.101367 2 2 3
0.869075 0.101364 0.101364 2 2 3
0.869572 0.101362 0.101362 2 2 3
0.870068 0.101359 0.101359 2 2 3
0.870564 0.101356 0.101356 2 2 3
0.871061 0.101354 0.101354 2 2 3
0.871557 0.101351 0.101351 2 2 3
0.872053 0.101349 0.101349 2 2 3
0.87255 0.101346 0.101346 2 2 3
0.873046 0.101343 0.101343 2 2 3
0.873542 0.101341 0.101341 2 2 3
0.874039 0.101338 0.101338 2 2 3
0.874535 0.101335 0.101335 2 2 3
0.875031 0.101333 0.101333 2 2 3
0.875528 0.10133 0.10133 2 2 3
0.876024 0.101327 0.101327 2 2 3
0.87652 0.101325 0.101325 2 2 3
0.877017 0.101322 0.101322 2 2 3
0.877513 0.101319 0.101319 2 2 3
0.878009 0.101317 0.101317 2 2 3
0.878506 0.101314 0.101314 2 2 3
0.879002 0.101311 0.101311 2 2 3
0.879498 0.101309 0.101309 2 2 3
0.879995 0.101306 0.101306 2 2 3
0.880491 0.101303 0.101303 2 2 3
0.880987 0.101301 0.101301 2 2 3
0.881484 0.101298 0.101298 2 2 3
0.88198 0.101295 0.101295 2 2 3
0.882476 0.101292 0.101292 2 2 3
0.882973 0.10129 0.10129 2 2 3
0.883469 0.101287 0.101287 2 2 3
0.883966 0.101284 0.101284 2 2 3
0.884462 0.101282 0.101282 2 2 3
0.884958 0.101279 0.101279 2 2 3
0.885455 0.101276 0.101276 2 2 3
0.885951 0.101273 0.101273 2 2 3
0.886447 0.101271 0.101271 2 2 3
0.886944 0.101268 0.101268 2 2 3
0.88744 0.101265 0.101265 2 2 3
0.887936 0.101262 0.101262 2 2 3
0.888433 0.10126 0.10126 2 2 3
0.888929 0.101257 0.101257 2 2 3
0.889426 0.101254 0.101254 2 2 3
0.889922 0.101251 0.101251 2 2 3
0.890418 0.101248 0.101248 2 2 3
0.890915 0.101246 0.101246 2 2 3
0.891411 0.101243 0.101243 2 2 3
0.891907 0.10124 0.10124 2 2 3
0.892404 0.101237 0.101237 2 2 3
0.8929 0.101234 0.101234 2 2 3
0.893396 0.101232 0.101232 2 2 3
0.893893 0.101229 0.101229 2 2 3
0.894389 0.101226 0.101226 2 2 3
0.894886 0.101223 0.101223 2 2 3
0.895382 0.10122 0.10122 2 2 3
0.895878 0.101218 0.101218 2 2 3
0.896375 0.101215 0.101215 2 2 3
0.896871 0.101212 0.101212 2 2 3
0.897367 0.101209 0.101209 2 2 3
0.897864 0.101206 0.101206 2 2 3
0.89836 0.101203 0.101203 2 2 3
0.898857 0.101201 0.101201 2 2 3
0.899353 0.101198 0.101198 2 2 3
0.899849 0.101195 0.101195 2 2 3
0.900346 0.101192 0.101192 2 2 3
0.900842 0.101189 0.101189 2 2 3
0.901339 0.101186 0.101186 2 2 3
0.901835 0.101183 0.101183 2 2 3
0.902331 0.10118 0.10118 2 2 3
0.902828 0.101178 0.101178 2 2 3
0.903324 0.101175 0.101175 2 2 3
0.903821 0.101172 0.101172 2 2 3
0.904317 0.101169 0.101169 2 2 3
0.904813 0.101166 0.101166 2 2 3
0.90531 0.101163 0.101163 2 2 3
0.905806 0.10116 0.10116 2 2 3
0.906302 0.101157 0.101157 2 2 3
0.906799 0.101154 0.101154 2 2 3
0.907295 0.101151 0.101151 2 2 3
0.907792 0.101148 0.101148 2 2 3
0.908288 0.101146 0.101146 2 2 3
0.908784 0.101143 0.101143 2 2 3
0.909281 0.10114 0.10114 2 2 3
0.909777 0.101137 0.101137 2 2 3
0.910274 0.101134 0.101134 2 2 3
0.91077 0.101131 0.101131 2 2 3
0.911266 0.101128 0.101128 2 2 3
0.911763 0.101125 0.101125 2 2 3
0.912259 0.101122 0.101122 2 2 3
0.912756 0.101119 0.101119 2 2 3
0.913252 0.101116 0.101116 2 2 3
0.913748 0.101113 0.101113 2 2 3
0.914245 0.10111 0.10111 2 2 3
0.914741 0.101107 0.101107 2 2 3
0.915238 0.101104 0.101104 2 2 3
0.915734 0.101101 0.101101 2 2 3
0.916231 0.101098 0.101098 2 2 3
0.916727 0.101095 0.101095 2 2 3
0.917223 0.101092 0.101092 2 2 3
0.91772 0.101089 0.101089 2 2 3
0.918216 0.101086 0.101086 2 2 3
0.918713 0.101083 0.101083 2 2 3
0.919209 0.10108 0.10108 2 2 3
0.919705 0.101077 0.101077 2 2 3
0.920202 0.101074 0.101074 2 2 3
0.920698 0.101071 0.101071 2 2 3
0.921195 0.101068 0.101068 2 2 3
0.921691 0.101065 0.101065 2 2 3
0.922188 0.101062 0.101062 2 2 3
0.922684 0.101059 0.101059 2 2 3
0.92318 0.101056 0.101056 2 2 3
0.923677 0.101053 0.101053 2 2 3
0.924173 0.101049 0.101049 2 2 3
0.92467 0.101046 0.101046 2 2 3
0.925166 0.101043 0.101043 2 2 3
0.925663 0.10104 0.10104 2 2 3
0.926159 0.101037 0.101037 2 2 3
0.926655 0.101034 0.101034 2 2 3
0.927152 0.101031 0.101031 2 2 3
0.927648 0.101028 0.101028 2 2 3
0.928145 0.101025 0.101025 2 2 3
0.928641 0.101022 0.101022 2 2 3
0.929138 0.101019 0.101019 2 2 3
0.929634 0.101015 0.101015 2 2 3
0.93013 0.101012 0.101012 2 2 3
0.930627 0.101009 0.101009 2 2 3
0.931123 0.101006 0.101006 2 2 3
0.93162 0.101003 0.101003 2 2 3
0.932116 0.101 0.101 2 2 3
0.932613 0.100997 0.100997 2 2 3
0.933109 0.100994 0.100994 2 2 3
0.933606 0.10099 0.10099 2 2 3
0.934102 0.100987 0.100987 2 2 3
0.934598 0.100984 0.100984 2 2 3
0.935095 0.100981 0.100981 2 2 3
0.935591 0.100978 0.100978 2 2 3
0.936088 0.100975 0.100975 2 2 3
0.936584 0.100971 0.100971 2 2 3
0.937081 0.100968 0.100968 2 2 3
0.937577 0.100965 0.100965 2 2 3
0.938074 0.100962 0.100962 2 2 3
0.93857 0.100959 0.100959 2 2 3
0.939066 0.100956 0.100956 2 2 3
0.939563 0.100952 0.100952 2 2 3
0.940059 0.100949 0.100949 2 2 3
0.940556 0.100946 0.100946 2 2 3
0.941052 0.100943 0.100943 2 2 3
0.941549 0.10094 0.10094 2 2 3
0.942045 0.100936 0.100936 2 2 3
0.942542 0.100933 0.100933 2 2 3
0.943038 0.10093 0.10093 2 2 3
0.943535 0.100927 0.100927 2 2 3
0.944031 0.100923 0.100923 2 2 3
0.944528 0.10092 0.10092 2 2 3
0.945024 0.100917 0.100917 2 2 3
0.94552 0.100914 0.100914 2 2 3
0.946017 0.10091 0.10091 2 2 3
0.946513 0.100907 0.100907 2 2 3
0.94701 0.100904 0.100904 2 2 3
0.947506 0.100901 0.100901 2 2 3
0.948003 0.100897 0.100897 2 2 3
0.948499 0.100894 0.100894 2 2 3
0.948996 0.100891 0.100891 2 2 3
0.949492 0.100888 0.100888 2 2 3
0.949989 0.100884 0.100884 2 2 3
0.950485 0.100881 0.100881 2 2 3
0.950982 0.100878 0.100878 2 2 3
0.951478 0.100874 0.100874 2 2 3
0.951975 0.100871 0.100871 2 2 3
0.952471 0.100868 0.100868 2 2 3
0.952968 0.100864 0.100864 2 2 3
0.953464 0.100861 0.100861 2 2 3
0.95396 0.100858 0.100858 2 2 3
0.954457 0.100855 0.100855 2 2 3
0.954953 0.100851 0.100851 2 2 3
0.95545 0.100848 0.100848 2 2 3
0.955946 0.100845 0.100845 2 2 3
0.956443 0.100841 0.100841 2 2 3
0.956939 0.100838 0.100838 2 2 3
0.957436 0.100834 0.100834 2 2 3
0.957932 0.100831 0.100831 2 2 3
0.958429 0.100828 0.100828 2 2 3
0.958925 0.100824 0.100824 2 2 3
0.959422 0.100821 0.100821 2 2 3
0.959918 0.100818 0.100818 2 2 3
0.960415 0.100814 0.100814 2 2 3
0.960911 0.100811 0.100811 2 2 3
0.961408 0.100808 0.100808 2 2 3
0.961904 0.100804 0.100804 2 2 3
0.962401 0.100801 0.100801 2 2 3
0.962897 0.100797 0.100797 2 2 3
0.963394 0.100794 0.100794 2 2 3
0.96389 0.100791 0.100791 2 2 3
0.964387 0.100787 0.100787 2 2 3
0.964883 0.100784 0.100784 2 2 3
0.96538 0.10078 0.10078 2 2 3
0.965876 0.100777 0.100777 2 2 3
0.966373 0.100774 0.100774 2 2 3
0.966869 0.10077 0.10077 2 2 3
0.967366 0.100767 0.100767 2 2 3
0.967862 0.100763 0.100763 2 2 3
0.968359 0.10076 0.10076 2 2 3
0.968855 0.100756 0.100756 2 2 3
0.969352 0.100753 0.100753 2 2 3
0.969848 0.100749 0.100749 2 2 3
0.970345 0.100746 0.100746 2 2 3
0.970841 0.100743 0.100743 2 2 3
0.971338 0.100739 0.100739 2 2 3
0.971834 0.100736 0.100736 2 2 3
0.972331 0.100732 0.100732 2 2 3
0.972827 0.100729 0.100729 2 2 3
0.973324 0.100725 0.100725 2 2 3
0.97382 0.100722 0.100722 2 2 3
0.974317 0.100718 0.100718 2 2 3
0.974813 0.100715 0.100715 2 2 3
0.97531 0.100711 0.100711 2 2 3
0.975807 0.100708 0.100708 2 2 3
0.976303 0.100704 0.100704 2 2 3
0.9768 0.100701 0.100701 2 2 3
0.977296 0.100697 0.100697 2 2 3
0.977793 0.100694 0.100694 2 2 3
0.978289 0.10069 0.10069 2 2 3
0.978786 0.100687 0.100687 2 2 3
0.979282 0.100683 0.100683 2 2 3
0.979779 0.10068 0.10068 2 2 3
0.980275 0.100676 0.100676 2 2 3
0.980772 0.100673 0.100673 2 2 3
0.981268 0.100669 0.100669 2 2 3
0.981765 0.100665 0.100665 2 2 3
0.982261 0.100662 0.100662 2 2 3
0.982758 0.100658 0.100658 2 2 3
0.983254 0.100655 0.100655 2 2 3
0.983751 0.100651 0.100651 2 2 3
0.984248 0.100648 0.100648 2 2 3
0.984744 0.100644 0.100644 2 2 3
0.985241 0.10064 0.10064 2 2 3
0.985737 0.100637 0.100637 2 2 3
0.986234 0.100633 0.100633 2 2 3
0.98673 0.10063 0.10063 2 2 3
0.987227 0.100626 0.100626 2 2 3
0.987723 0.100622 0.100622 2 2 3
0.98822 0.100619 0.100619 2 2 3
0.988716 0.100615 0.100615 2 2 3
0.989213 0.100612 0.100612 2 2 3
0.98971 0.100608 0.100608 2 2 3
0.990206 0.100604 0.100604 2 2 3
0.990703 0.100601 0.100601 2 2 3
0.991199 0.100597 0.100597 2 2 3
0.991696 0.100594 0.100594 2 2 3
0.992192 0.10059 0.10059 2 2 3
0.992689 0.100586 0.100586 2 2 3
0.993185 0.100583 0.100583 2 2 3
0.993682 0.100579 0.100579 2 2 3
0.994178 0.100575 0.100575 2 2 3
0.994675 0.100572 0.100572 2 2 3
0.995172 0.100568 0.100568 2 2 3
0.995668 0.100564 0.100564 2 2 3
0.996165 0.100561 0.100561 2 2 3
0.996661 0.100557 0.100557 2 2 3
0.997158 0.100553 0.100553 2 2 3
0.997654 0.10055 0.10055 2 2 3
0.998151 0.100546 0.100546 2 2 3
0.998648 0.100542 0.100542 2 2 3
0.999144 0.100539 0.100539 2 2 3
0.999641 0.100535 0.100535 2 2 3
1.00014 0.100531 0.100531 2 2 3
