0 0.100017 0.100017 2 2 3
9.82332e-05 0.100001 0.100001 2 2 3
0.000156494 0.100001 0.100001 2 2 3
0.000273509 0.100002 0.100002 2 2 3
0.00050754 0.100004 0.100004 2 2 3
0.000975609 0.100007 0.100007 2 2 3
0.00191175 0.100014 0.100014 2 2 3
0.00378407 0.100027 0.100027 2 2 3
0.00752887 0.100053 0.100053 2 2 3
0.0123651 0.100086 0.100086 2 2 3
0.0172021 0.100118 0.100118 2 2 3
0.0220397 0.100148 0.100148 2 2 3
0.0268779 0.100177 0.100177 2 2 3
0.0317166 0.100205 0.100205 2 2 3
0.0365559 0.100232 0.100232 2 2 3
0.0413957 0.100258 0.100258 2 2 3
0.0462361 0.100282 0.100282 2 2 3
0.0510771 0.100306 0.100306 2 2 3
0.0559186 0.100328 0.100328 2 2 3
0.0607606 0.100349 0.100349 2 2 3
0.0656033 0.100369 0.100369 2 2 3
0.0704464 0.100388 0.100388 2 2 3
0.0752901 0.100405 0.100405 2 2 3
0.0801344 0.100421 0.100421 2 2 3
0.0849793 0.100436 0.100436 2 2 3
0.0898246 0.10045 0.10045 2 2 3
0.0946706 0.100463 0.100463 2 2 3
0.0995171 0.100475 0.100475 2 2 3
0.104364 0.100485 0.100485 2 2 3
0.109212 0.100494 0.100494 2 2 3
0.11406 0.100502 0.100502 2 2 3
0.118909 0.100508 0.100508 2 2 3
0.123758 0.100514 0.100514 2 2 3
0.128608 0.100518 0.100518 2 2 3
0.133458 0.100521 0.100521 2 2 3
0.138309 0.100522 0.100522 2 2 3
0.143161 0.100523 0.100523 2 2 3
0.148013 0.100522 0.100522 2 2 3
0.152866 0.10052 0.10052 2 2 3
0.157719 0.100516 0.100516 2 2 3
0.162573 0.100512 0.100512 2 2 3
0.167427 0.100506 0.100506 2 2 3
0.172282 0.100498 0.100498 2 2 3
0.177138 0.10049 0.10049 2 2 3
0.181994 0.10048 0.10048 2 2 3
0.186851 0.100469 0.100469 2 2 3
0.191708 0.100456 0.100456 2 2 3
0.196566 0.100443 0.100443 2 2 3
0.201424 0.100428 0.100428 2 2 3
0.206283 0.100411 0.100411 2 2 3
0.211143 0.100394 0.100394 2 2 3
0.216003 0.100375 0.100375 2 2 3
0.220864 0.100354 0.100354 2 2 3
0.225726 0.100333 0.100333 2 2 3
0.230588 0.10031 0.10031 2 2 3
0.23545 0.100286 0.100286 2 2 3
0.240314 0.10026 0.10026 2 2 3
0.245178 0.100233 0.100233 2 2 3
0.250042 0.100205 0.100205 2 2 3
0.254907 0.100175 0.100175 2 2 3
0.259773 0.100144 0.100144 2 2 3
0.264639 0.100112 0.100112 2 2 3
0.269506 0.100078 0.100078 2 2 3
0.274374 0.100043 0.100043 2 2 3
0.279242 0.100007 0.100007 2 2 3
0.284111 0.099969 0.099969 2 2 3
0.28898 0.0999299 0.0999299 2 2 3
0.29385 0.0998895 0.0998895 2 2 3
0.298721 0.0998476 0.0998476 2 2 3
0.303592 0.0998045 0.0998045 2 2 3
0.308464 0.0997599 0.0997599 2 2 3
0.313337 0.099714 0.099714 2 2 3
0.31821 0.0996668 0.0996668 2 2 3
0.323084 0.0996181 0.0996181 2 2 3
0.327959 0.0995682 0.0995682 2 2 3
0.332834 0.0995167 0.0995167 2 2 3
0.33771 0.099464 0.099464 2 2 3
0.342586 0.0994099 0.0994099 2 2 3
0.347463 0.0993544 0.0993544 2 2 3
0.352341 0.0992975 0.0992975 2 2 3
0.35722 0.0992393 0.0992393 2 2 3
0.362099 0.0991797 0.0991797 2 2 3
0.366979 0.0991187 0.0991187 2 2 3
0.371859 0.0990564 0.0990564 2 2 3
0.37674 0.0989927 0.0989927 2 2 3
0.381622 0.0989276 0.0989276 2 2 3
0.386505 0.0988611 0.0988611 2 2 3
0.391388 0.0987933 0.0987933 2 2 3
0.396272 0.0987241 0.0987241 2 2 3
0.401157 0.0986535 0.0986535 2 2 3
0.406042 0.0985816 0.0985816 2 2 3
0.410928 0.0985083 0.0985083 2 2 3
0.415815 0.0984337 0.0984337 2 2 3
0.420702 0.0983576 0.0983576 2 2 3
0.42559 0.0982803 0.0982803 2 2 3
0.430479 0.0982016 0.0982016 2 2 3
0.435368 0.0981215 0.0981215 2 2 3
0.440258 0.09804 0.09804 2 2 3
0.445149 0.0979573 0.0979573 2 2 3
0.450041 0.0978731 0.0978731 2 2 3
0.454933 0.0977877 0.0977877 2 2 3
0.459826 0.0977008 0.0977008 2 2 3
0.46472 0.0976127 0.0976127 2 2 3
0.469614 0.0975233 0.0975233 2 2 3
0.474509 0.0974324 0.0974324 2 2 3
0.479405 0.0973403 0.0973403 2 2 3
0.484302 0.0972468 0.0972468 2 2 3
0.489199 0.0971521 0.0971521 2 2 3
0.494097 0.097056 0.097056 2 2 3
0.498996 0.0969586 0.0969586 2 2 3
0.503895 0.09686 0.09686 2 2 3
0.508795 0.0967599 0.0967599 2 2 3
0.513696 0.0966587 0.0966587 2 2 3
0.518598 0.0965561 0.0965561 2 2 3
0.5235 0.0964523 0.0964523 2 2 3
0.528403 0.0963472 0.0963472 2 2 3
0.533307 0.0962407 0.0962407 2 2 3
0.538212 0.0961331 0.0961331 2 2 3
0.543117 0.0960242 0.0960242 2 2 3
0.548023 0.095914 0.095914 2 2 3
0.552929 0.0958026 0.0958026 2 2 3
0.557837 0.0956899 0.0956899 2 2 3
0.562745 0.0955761 0.0955761 2 2 3
0.567654 0.095461 0.095461 2 2 3
0.572563 0.0953446 0.0953446 2 2 3
0.577474 0.0952271 0.0952271 2 2 3
0.582385 0.0951084 0.0951084 2 2 3
0.587297 0.0949885 0.0949885 2 2 3
0.592209 0.0948673 0.0948673 2 2 3
0.597122 0.0947451 0.0947451 2 2 3
0.602036 0.0946216 0.0946216 2 2 3
0.606951 0.0944971 0.0944971 2 2 3
0.611866 0.0943712 0.0943712 2 2 3
0.616783 0.0942443 0.0942443 2 2 3
0.621699 0.0941163 0.0941163 2 2 3
0.626617 0.0939871 0.0939871 2 2 3
0.631535 0.0938568 0.0938568 2 2 3
0.636454 0.0937254 0.0937254 2 2 3
0.641374 0.0935929 0.0935929 2 2 3
0.646294 0.0934593 0.0934593 2 2 3
0.651216 0.0933246 0.0933246 2 2 3
0.656137 0.093189 0.093189 2 2 3
0.66106 0.0930521 0.0930521 2 2 3
0.665983 0.0929143 0.0929143 2 2 3
0.670907 0.0927754 0.0927754 2 2 3
0.675832 0.0926355 0.0926355 2 2 3
0.680757 0.0924945 0.0924945 2 2 3
0.685683 0.0923527 0.0923527 2 2 3
0.69061 0.0922097 0.0922097 2 2 3
0.695538 0.0920658 0.0920658 2 2 3
0.700466 0.091921 0.091921 2 2 3
0.705395 0.0917751 0.0917751 2 2 3
0.710324 0.0916283 0.0916283 2 2 3
0.715255 0.0914806 0.0914806 2 2 3
0.720186 0.0913319 0.0913319 2 2 3
0.725117 0.0911823 0.0911823 2 2 3
0.73005 0.0910318 0.0910318 2 2 3
0.734983 0.0908805 0.0908805 2 2 3
0.739916 0.0907282 0.0907282 2 2 3
0.744851 0.0905752 0.0905752 2 2 3
0.749786 0.0904212 0.0904212 2 2 3
0.754721 0.0902663 0.0902663 2 2 3
0.759658 0.0901107 0.0901107 2 2 3
0.764595 0.0899542 0.0899542 2 2 3
0.769532 0.089797 0.089797 2 2 3
0.774471 0.0896389 0.0896389 2 2 3
0.779409 0.08948 0.08948 2 2 3
0.784349 0.0893205 0.0893205 2 2 3
0.789289 0.0891601 0.0891601 2 2 3
0.79423 0.0889989 0.0889989 2 2 3
0.799172 0.0888372 0.0888372 2 2 3
0.804114 0.0886746 0.0886746 2 2 3
0.809057 0.0885113 0.0885113 2 2 3
0.814 0.0883474 0.0883474 2 2 3
0.818944 0.0881828 0.0881828 2 2 3
0.823888 0.0880175 0.0880175 2 2 3
0.828834 0.0878515 0.0878515 2 2 3
0.83378 0.087685 0.087685 2 2 3
0.838726 0.0875177 0.0875177 2 2 3
0.843673 0.08735 0.08735 2 2 3
0.848621 0.0871815 0.0871815 2 2 3
0.853569 0.0870125 0.0870125 2 2 3
0.858518 0.086843 0.086843 2 2 3
0.863467 0.0866728 0.0866728 2 2 3
0.868417 0.0865021 0.0865021 2 2 3
0.873367 0.0863309 0.0863309 2 2 3
0.878318 0.0861592 0.0861592 2 2 3
0.88327 0.0859869 0.0859869 2 2 3
0.888222 0.0858142 0.0858142 2 2 3
0.893175 0.085641 0.085641 2 2 3
0.898128 0.0854674 0.0854674 2 2 3
0.903082 0.0852932 0.0852932 2 2 3
0.908037 0.0851187 0.0851187 2 2 3
0.912992 0.0849436 0.0849436 2 2 3
0.917947 0.0847682 0.0847682 2 2 3
0.922903 0.0845924 0.0845924 2 2 3
0.927859 0.0844162 0.0844162 2 2 3
0.932817 0.0842396 0.0842396 2 2 3
0.937774 0.0840626 0.0840626 2 2 3
0.942732 0.0838854 0.0838854 2 2 3
0.947691 0.0837077 0.0837077 2 2 3
0.95265 0.0835298 0.0835298 2 2 3
0.957609 0.0833515 0.0833515 2 2 3
0.962569 0.0831729 0.0831729 2 2 3
0.96753 0.0829941 0.0829941 2 2 3
0.972491 0.0828149 0.0828149 2 2 3
0.977452 0.0826355 0.0826355 2 2 3
0.982414 0.0824559 0.0824559 2 2 3
0.987377 0.082276 0.082276 2 2 3
0.99234 0.0820959 0.0820959 2 2 3
0.997303 0.0819156 0.0819156 2 2 3
1.00227 0.0817351 0.0817351 2 2 3
